Graph : 

data = {'_edge_attr_cls': <class 'torch_geometric.data.graph_store.EdgeAttr'>, '_tensor_attr_cls': <class 'torch_geometric.data.feature_store.TensorAttr'>, '_global_store': {}, '_node_store_dict': {'id': {'x': tensor([0., 1., 2., 3., 4., 5., 6., 7.], dtype=torch.float64)}, 'skill': {'x': tensor([  0.,   1.,   2.,   3.,   4.,   5.,   6.,   7.,   8.,   9.,  10.,  11.,
         12.,  13.,  14.,  15.,  16.,  17.,  18.,  19.,  20.,  21.,  22.,  23.,
         24.,  25.,  26.,  27.,  28.,  29.,  30.,  31.,  32.,  33.,  34.,  35.,
         36.,  37.,  38.,  39.,  40.,  41.,  42.,  43.,  44.,  45.,  46.,  47.,
         48.,  49.,  50.,  51.,  52.,  53.,  54.,  55.,  56.,  57.,  58.,  59.,
         60.,  61.,  62.,  63.,  64.,  65.,  66.,  67.,  68.,  69.,  70.,  71.,
         72.,  73.,  74.,  75.,  76.,  77.,  78.,  79.,  80.,  81.,  82.,  83.,
         84.,  85.,  86.,  87.,  88.,  89.,  90.,  91.,  92.,  93.,  94.,  95.,
         96.,  97.,  98.,  99., 100., 101., 102., 103., 104., 105., 106., 107.,
        108., 109., 110.], dtype=torch.float64)}, 'member': {'x': tensor([ 0.,  1.,  2.,  3.,  4.,  5.,  6.,  7.,  8.,  9., 10., 11., 12., 13.,
        14., 15., 16., 17., 18., 19., 20., 21., 22., 23.], dtype=torch.float64)}}, '_edge_store_dict': {('skill', 'to', 'id'): {'edge_index': tensor([[  0,   1,   2,   3,   4,   5,   6,   7,   8,   9,  10,  11,  12,  13,
          14,  15,  16,  17,  18,  19,  20,  21,  22,  23,  24,  25,  26,  27,
          28,  29,  30,  31,  32,  33,  34,  35,  36,  37,  38,  39,  40,  41,
          16,  22,  23,  30,  37,  42,  43,  44,  45,  46,  47,  48,  49,  50,
          51,  52,  53,  54,  55,  56,  57,  58,  59,  60,  61,  62,  63,  64,
          65,  66,  67,  68,  69,  70,  71,  72,  73,  74,  75,  76,  77,  78,
          79,  80,  81,  82,  83,  84,  85,  86,  87,  88,  89,  90,  91,  92,
          93,  94,  95,  96,  97,  98,  99, 100, 101, 102, 103, 104, 105, 106,
         107, 108, 109, 110],
        [  0,   0,   0,   0,   0,   0,   0,   0,   0,   1,   1,   1,   1,   1,
           1,   1,   1,   1,   1,   1,   1,   1,   1,   1,   1,   1,   1,   1,
           1,   1,   1,   1,   1,   1,   1,   1,   1,   1,   1,   1,   1,   1,
           2,   2,   2,   2,   2,   2,   2,   2,   2,   2,   3,   3,   3,   3,
           3,   3,   3,   3,   3,   3,   3,   3,   3,   3,   3,   3,   3,   3,
           3,   3,   4,   4,   4,   4,   4,   4,   4,   4,   4,   4,   4,   4,
           4,   5,   5,   5,   5,   5,   5,   5,   5,   5,   5,   5,   5,   5,
           5,   5,   5,   6,   6,   6,   6,   6,   6,   6,   6,   6,   6,   6,
           6,   7,   7,   7]])}, ('id', 'to', 'skill'): {'edge_index': tensor([[  0,   0,   0,   0,   0,   0,   0,   0,   0,   1,   1,   1,   1,   1,
           1,   1,   1,   1,   1,   1,   1,   1,   1,   1,   1,   1,   1,   1,
           1,   1,   1,   1,   1,   1,   1,   1,   1,   1,   1,   1,   1,   1,
           2,   2,   2,   2,   2,   2,   2,   2,   2,   2,   3,   3,   3,   3,
           3,   3,   3,   3,   3,   3,   3,   3,   3,   3,   3,   3,   3,   3,
           3,   3,   4,   4,   4,   4,   4,   4,   4,   4,   4,   4,   4,   4,
           4,   5,   5,   5,   5,   5,   5,   5,   5,   5,   5,   5,   5,   5,
           5,   5,   5,   6,   6,   6,   6,   6,   6,   6,   6,   6,   6,   6,
           6,   7,   7,   7],
        [  0,   1,   2,   3,   4,   5,   6,   7,   8,   9,  10,  11,  12,  13,
          14,  15,  16,  17,  18,  19,  20,  21,  22,  23,  24,  25,  26,  27,
          28,  29,  30,  31,  32,  33,  34,  35,  36,  37,  38,  39,  40,  41,
          16,  22,  23,  30,  37,  42,  43,  44,  45,  46,  47,  48,  49,  50,
          51,  52,  53,  54,  55,  56,  57,  58,  59,  60,  61,  62,  63,  64,
          65,  66,  67,  68,  69,  70,  71,  72,  73,  74,  75,  76,  77,  78,
          79,  80,  81,  82,  83,  84,  85,  86,  87,  88,  89,  90,  91,  92,
          93,  94,  95,  96,  97,  98,  99, 100, 101, 102, 103, 104, 105, 106,
         107, 108, 109, 110]])}, ('id', 'to', 'member'): {'edge_index': tensor([[ 0,  0,  1,  2,  2,  3,  3,  3,  3,  3,  4,  4,  4,  4,  4,  4,  4,  4,
          5,  5,  6,  6,  6,  7],
        [ 0,  1,  2,  3,  4,  5,  6,  7,  8,  9, 10, 11, 12, 13, 14, 15, 16, 17,
         18, 19, 20, 21, 22, 23]])}, ('member', 'to', 'id'): {'edge_index': tensor([[ 0,  1,  2,  3,  4,  5,  6,  7,  8,  9, 10, 11, 12, 13, 14, 15, 16, 17,
         18, 19, 20, 21, 22, 23],
        [ 0,  0,  1,  2,  2,  3,  3,  3,  3,  3,  4,  4,  4,  4,  4,  4,  4,  4,
          5,  5,  6,  6,  6,  7]])}}}

Number of Epochs : 1
---------------------------------
Epoch : 0
--------------------------
Node ----- Embedding -----

 0 : [0.43 0.65 0.52 0.66 0.61]
 1 : [0.55 0.39 0.38 0.6  0.66]
 2 : [0.59 0.55 0.51 0.1  0.48]
 3 : [0.58 0.45 0.63 0.68 0.56]
 4 : [0.54 0.65 0.49 0.46 0.48]
 5 : [0.69 0.42 0.75 0.55 0.51]
 6 : [0.86 0.69 0.58 0.66 0.61]
 7 : [0.65 0.62 0.25 0.63 0.64]
 8 : [0.41 0.82 0.74 0.49 0.6 ]
 9 : [0.48 0.28 0.53 0.4  0.69]
10 : [0.89 0.45 0.51 0.69 0.53]
11 : [0.46 0.56 0.41 0.26 0.62]
12 : [0.6  0.75 0.57 0.39 0.26]
13 : [0.72 0.41 0.76 0.57 0.69]
14 : [0.58 0.51 0.95 0.49 0.34]
15 : [0.67 0.31 0.48 0.39 0.43]
16 : [0.55 0.39 0.52 0.85 0.46]
17 : [0.55 0.72 0.41 0.64 0.6 ]
18 : [0.63 0.52 0.5  0.42 0.45]
19 : [0.41 0.72 0.53 0.57 0.4 ]
20 : [0.64 0.68 0.55 0.62 0.56]
21 : [0.86 0.7  0.66 0.41 0.52]
22 : [0.6  0.56 0.82 0.46 0.6 ]
23 : [0.6  0.36 0.53 0.58 0.45]
24 : [0.49 0.51 0.8  0.51 0.65]
25 : [0.52 0.35 0.53 0.61 0.31]
26 : [0.42 0.53 0.47 0.65 0.54]
27 : [0.49 0.65 0.16 0.47 0.64]
28 : [0.67 0.66 0.52 0.26 0.61]
29 : [0.58 0.65 0.51 0.55 0.73]
30 : [0.54 0.52 0.4  0.44 0.4 ]
31 : [0.62 0.78 0.   0.81 0.46]
32 : [0.4  0.35 0.63 0.67 0.51]
33 : [0.34 0.47 0.67 0.41 0.4 ]
34 : [0.72 0.68 0.67 0.54 0.51]
35 : [0.42 0.71 0.68 0.6  0.55]
36 : [0.47 0.59 0.57 0.58 0.49]
37 : [0.53 0.4  0.43 0.67 0.78]
38 : [0.51 0.58 0.33 0.59 0.77]
39 : [0.41 0.53 0.75 0.49 0.66]
40 : [0.66 0.69 0.64 0.38 0.74]
41 : [0.75 0.53 0.44 0.83 0.54]
42 : [0.56 0.44 0.38 0.44 0.4 ]
43 : [0.55 0.59 0.35 0.37 0.56]
44 : [0.62 0.35 0.64 0.59 1.  ]
45 : [0.79 0.41 0.8  0.56 0.59]
46 : [0.89 0.35 0.6  0.54 0.59]
47 : [0.54 0.62 0.53 0.41 0.43]
48 : [0.76 0.28 0.52 0.64 0.38]
49 : [0.52 0.78 0.35 0.78 0.52]
50 : [0.7  0.72 0.66 0.43 0.68]
51 : [0.51 0.63 0.57 0.54 0.58]
52 : [0.43 0.83 0.44 0.57 0.88]
53 : [0.36 0.5  0.35 0.57 0.54]
54 : [0.66 0.54 0.44 0.66 0.55]
55 : [0.65 0.57 0.6  0.27 0.59]
56 : [0.53 0.65 0.31 0.49 0.51]
57 : [0.33 0.54 0.52 0.74 0.57]
58 : [0.32 0.42 0.63 0.37 0.64]
59 : [0.39 0.69 0.46 0.66 0.61]
60 : [0.14 0.92 0.49 0.52 0.74]
61 : [0.54 0.41 0.45 0.72 0.64]
62 : [0.7  0.55 0.57 0.79 0.41]
63 : [0.81 0.66 0.46 0.55 0.53]
64 : [0.48 0.57 0.38 0.71 0.21]
65 : [0.5  0.62 0.57 0.52 0.38]
66 : [0.57 0.52 0.53 0.3  0.65]
67 : [0.26 0.5  0.66 0.58 0.73]
68 : [0.58 0.66 0.89 0.53 0.6 ]
69 : [0.36 0.61 0.81 0.43 0.43]
70 : [0.71 0.65 0.54 0.76 0.54]
71 : [0.63 0.51 0.49 0.55 0.56]
72 : [0.32 0.67 0.74 0.6  0.49]
73 : [0.59 0.72 0.6  0.7  0.9 ]
74 : [0.48 0.48 0.69 0.51 0.56]
75 : [0.45 0.39 0.36 0.58 0.68]
76 : [0.41 0.61 0.41 0.49 0.6 ]
77 : [0.61 0.76 0.44 0.76 0.67]
78 : [0.49 0.52 0.76 0.43 0.75]
79 : [0.56 0.61 0.45 0.66 0.52]
80 : [0.42 0.68 0.52 0.26 0.87]
81 : [0.49 0.54 0.44 0.46 0.45]
82 : [0.42 0.62 0.42 0.55 0.73]
83 : [0.37 0.84 0.74 0.49 0.61]
84 : [0.46 0.62 0.53 0.65 0.48]
85 : [0.49 0.64 0.45 0.36 0.55]
86 : [0.48 0.5  0.75 0.58 0.44]
87 : [0.51 0.36 0.65 0.59 0.48]
88 : [0.52 0.59 0.53 0.47 0.55]
89 : [0.5  0.65 0.58 0.72 0.42]
90 : [0.35 0.43 0.75 0.53 0.57]
91 : [0.49 0.49 0.71 0.59 0.7 ]
92 : [0.46 0.86 0.58 0.44 0.72]
93 : [0.73 0.4  0.76 0.97 0.57]
94 : [0.43 0.6  0.62 0.62 0.51]
95 : [0.6  0.59 0.9  0.53 0.54]
96 : [0.66 0.67 0.77 0.76 0.74]
97 : [0.67 0.53 0.44 0.81 0.48]
98 : [0.72 0.5  0.67 0.53 0.65]
99 : [0.71 0.56 0.56 0.68 0.56]
100 : [0.56 0.5  0.57 0.52 0.42]
101 : [0.65 0.43 0.6  0.57 0.52]
102 : [0.49 0.2  0.7  0.43 0.61]
103 : [0.53 0.55 0.55 0.63 0.52]
104 : [0.63 0.63 0.68 0.23 0.32]
105 : [0.52 0.5  0.68 0.65 0.71]
106 : [0.45 0.35 0.67 0.94 0.63]
107 : [0.43 0.36 0.35 0.66 0.63]
108 : [0.59 0.59 0.52 0.48 0.52]
109 : [0.17 0.76 0.39 0.55 0.78]
110 : [0.58 0.34 0.59 0.64 0.68]
111 : [0.43 0.77 0.48 0.52 0.57]
112 : [0.42 0.55 0.78 0.59 0.59]
113 : [0.81 0.59 0.35 0.64 0.68]
114 : [0.6  0.7  0.64 0.72 0.61]
115 : [0.47 0.9  0.84 0.44 0.6 ]
116 : [0.45 0.79 0.51 0.52 0.58]
117 : [0.49 0.59 0.51 0.31 0.55]
118 : [0.67 0.53 0.48 0.9  0.66]
119 : [0.74 0.65 0.45 0.65 0.68]
120 : [0.4  0.46 0.44 0.29 0.63]
121 : [0.52 0.77 0.46 0.63 0.63]
122 : [0.78 0.75 0.64 0.65 0.62]
123 : [0.54 0.83 0.68 0.26 0.66]
124 : [0.57 0.71 0.58 0.51 0.53]
125 : [0.6  0.37 0.68 0.48 0.59]
126 : [0.69 0.51 0.61 0.62 0.41]
127 : [0.79 0.77 0.72 0.74 0.41]
128 : [0.84 0.28 0.57 0.38 0.43]
129 : [0.87 0.42 0.6  0.62 0.31]
130 : [0.59 0.63 0.59 0.65 0.58]
131 : [0.81 0.57 0.55 0.56 0.55]
132 : [0.57 0.66 0.44 0.47 0.67]
133 : [0.43 0.74 0.54 0.5  0.25]
134 : [0.49 0.78 0.55 0.36 0.62]
135 : [0.62 0.44 0.6  0.57 0.4 ]
136 : [0.7  0.57 0.8  0.49 0.58]
137 : [0.55 0.5  0.63 0.75 0.67]
138 : [0.52 0.68 0.7  0.64 0.6 ]
139 : [0.66 0.87 0.89 0.45 0.71]
140 : [0.34 0.72 0.92 0.59 0.74]
141 : [0.64 0.57 0.71 0.46 0.65]
142 : [0.52 0.75 0.49 0.51 0.44]
143 : [0.58 0.54 0.17 0.54 0.45]
--------------------------

