Graph : 

data = {'_edge_attr_cls': <class 'torch_geometric.data.graph_store.EdgeAttr'>, '_tensor_attr_cls': <class 'torch_geometric.data.feature_store.TensorAttr'>, '_global_store': {}, '_node_store_dict': {'id': {'x': tensor([0., 1., 2., 3., 4., 5., 6., 7.], dtype=torch.float64)}, 'skill': {'x': tensor([  0.,   1.,   2.,   3.,   4.,   5.,   6.,   7.,   8.,   9.,  10.,  11.,
         12.,  13.,  14.,  15.,  16.,  17.,  18.,  19.,  20.,  21.,  22.,  23.,
         24.,  25.,  26.,  27.,  28.,  29.,  30.,  31.,  32.,  33.,  34.,  35.,
         36.,  37.,  38.,  39.,  40.,  41.,  42.,  43.,  44.,  45.,  46.,  47.,
         48.,  49.,  50.,  51.,  52.,  53.,  54.,  55.,  56.,  57.,  58.,  59.,
         60.,  61.,  62.,  63.,  64.,  65.,  66.,  67.,  68.,  69.,  70.,  71.,
         72.,  73.,  74.,  75.,  76.,  77.,  78.,  79.,  80.,  81.,  82.,  83.,
         84.,  85.,  86.,  87.,  88.,  89.,  90.,  91.,  92.,  93.,  94.,  95.,
         96.,  97.,  98.,  99., 100., 101., 102., 103., 104., 105., 106., 107.,
        108., 109., 110.], dtype=torch.float64)}, 'member': {'x': tensor([ 0.,  1.,  2.,  3.,  4.,  5.,  6.,  7.,  8.,  9., 10., 11., 12., 13.,
        14., 15., 16., 17., 18., 19., 20., 21., 22., 23.], dtype=torch.float64)}}, '_edge_store_dict': {('skill', 'to', 'id'): {'edge_index': tensor([[  0,   1,   2,   3,   4,   5,   6,   7,   8,   9,  10,  11,  12,  13,
          14,  15,  16,  17,  18,  19,  20,  21,  22,  23,  24,  25,  26,  27,
          28,  29,  30,  31,  32,  33,  34,  35,  36,  37,  38,  39,  40,  41,
          16,  22,  23,  30,  37,  42,  43,  44,  45,  46,  47,  48,  49,  50,
          51,  52,  53,  54,  55,  56,  57,  58,  59,  60,  61,  62,  63,  64,
          65,  66,  67,  68,  69,  70,  71,  72,  73,  74,  75,  76,  77,  78,
          79,  80,  81,  82,  83,  84,  85,  86,  87,  88,  89,  90,  91,  92,
          93,  94,  95,  96,  97,  98,  99, 100, 101, 102, 103, 104, 105, 106,
         107, 108, 109, 110],
        [  0,   0,   0,   0,   0,   0,   0,   0,   0,   1,   1,   1,   1,   1,
           1,   1,   1,   1,   1,   1,   1,   1,   1,   1,   1,   1,   1,   1,
           1,   1,   1,   1,   1,   1,   1,   1,   1,   1,   1,   1,   1,   1,
           2,   2,   2,   2,   2,   2,   2,   2,   2,   2,   3,   3,   3,   3,
           3,   3,   3,   3,   3,   3,   3,   3,   3,   3,   3,   3,   3,   3,
           3,   3,   4,   4,   4,   4,   4,   4,   4,   4,   4,   4,   4,   4,
           4,   5,   5,   5,   5,   5,   5,   5,   5,   5,   5,   5,   5,   5,
           5,   5,   5,   6,   6,   6,   6,   6,   6,   6,   6,   6,   6,   6,
           6,   7,   7,   7]])}, ('id', 'to', 'skill'): {'edge_index': tensor([[  0,   0,   0,   0,   0,   0,   0,   0,   0,   1,   1,   1,   1,   1,
           1,   1,   1,   1,   1,   1,   1,   1,   1,   1,   1,   1,   1,   1,
           1,   1,   1,   1,   1,   1,   1,   1,   1,   1,   1,   1,   1,   1,
           2,   2,   2,   2,   2,   2,   2,   2,   2,   2,   3,   3,   3,   3,
           3,   3,   3,   3,   3,   3,   3,   3,   3,   3,   3,   3,   3,   3,
           3,   3,   4,   4,   4,   4,   4,   4,   4,   4,   4,   4,   4,   4,
           4,   5,   5,   5,   5,   5,   5,   5,   5,   5,   5,   5,   5,   5,
           5,   5,   5,   6,   6,   6,   6,   6,   6,   6,   6,   6,   6,   6,
           6,   7,   7,   7],
        [  0,   1,   2,   3,   4,   5,   6,   7,   8,   9,  10,  11,  12,  13,
          14,  15,  16,  17,  18,  19,  20,  21,  22,  23,  24,  25,  26,  27,
          28,  29,  30,  31,  32,  33,  34,  35,  36,  37,  38,  39,  40,  41,
          16,  22,  23,  30,  37,  42,  43,  44,  45,  46,  47,  48,  49,  50,
          51,  52,  53,  54,  55,  56,  57,  58,  59,  60,  61,  62,  63,  64,
          65,  66,  67,  68,  69,  70,  71,  72,  73,  74,  75,  76,  77,  78,
          79,  80,  81,  82,  83,  84,  85,  86,  87,  88,  89,  90,  91,  92,
          93,  94,  95,  96,  97,  98,  99, 100, 101, 102, 103, 104, 105, 106,
         107, 108, 109, 110]])}, ('id', 'to', 'member'): {'edge_index': tensor([[ 0,  0,  1,  2,  2,  3,  3,  3,  3,  3,  4,  4,  4,  4,  4,  4,  4,  4,
          5,  5,  6,  6,  6,  7],
        [ 0,  1,  2,  3,  4,  5,  6,  7,  8,  9, 10, 11, 12, 13, 14, 15, 16, 17,
         18, 19, 20, 21, 22, 23]])}, ('member', 'to', 'id'): {'edge_index': tensor([[ 0,  1,  2,  3,  4,  5,  6,  7,  8,  9, 10, 11, 12, 13, 14, 15, 16, 17,
         18, 19, 20, 21, 22, 23],
        [ 0,  0,  1,  2,  2,  3,  3,  3,  3,  3,  4,  4,  4,  4,  4,  4,  4,  4,
          5,  5,  6,  6,  6,  7]])}}}

Number of Epochs : 5
---------------------------------
Epoch : 0
--------------------------
Node ----- Embedding -----

 0 : [ 0.67810357 -0.58081126 -0.37106958 -1.6537315  -0.28913605]
 1 : [-0.33145472 -0.4053265  -0.14814363 -0.4796753   0.35132846]
 2 : [-2.3037062   0.34381494  0.28211164 -0.15145873  1.5143218 ]
 3 : [-0.45934293 -0.8984716   0.695356    0.8364164   1.9050807 ]
 4 : [ 0.21760592  0.29771265  1.6048025   0.52275825 -0.6501697 ]
 5 : [ 1.5246183  -0.34233987  0.20439804  0.3167293  -0.49576506]
 6 : [ 0.93897414 -0.88324     0.1481254  -1.0293121  -0.06281097]
 7 : [ 0.8649405 -0.8336519  1.2783192 -1.3920908 -0.4796173]
 8 : [ 1.8269475  0.1073338  0.5217561  1.3415393 -0.9303822]
 9 : [ 0.6094314   0.22958088 -0.03888333  1.2539825  -0.08575489]
10 : [ 0.5219931  -1.3992594   0.91384417 -0.1792682   1.9397428 ]
11 : [ 0.7052037  -0.5005691  -0.09214541  1.3423309   1.541255  ]
12 : [-0.28036994  0.9861713  -1.0016466   0.29862002 -0.8023954 ]
13 : [-1.1665084   0.10334753  1.4306091   0.39710286  0.2261015 ]
14 : [-1.3426436  -0.3087595   1.271279    0.38252845 -0.604167  ]
15 : [-0.09013393  0.42531902 -1.9806205  -0.6716348  -0.65842575]
16 : [-0.69978434  0.58770066  0.4275073   1.6633288  -0.2394008 ]
17 : [-0.37721288  0.6812794   0.26235637 -0.5528724  -0.9189495 ]
18 : [-1.4542667   0.7511814   0.9324607   0.67130154  1.4146792 ]
19 : [ 0.22615574 -0.45075485 -0.89719546 -1.1534127   0.82951266]
20 : [ 0.61560625  0.26691213 -0.09373672 -0.5155731  -0.89175606]
21 : [-0.6463592   2.0263035   1.3680658   1.3291847  -0.26887769]
22 : [ 0.24869226 -3.06034     0.14764096 -0.15459543 -0.05673856]
23 : [ 0.936946   -1.5749927   0.59331596 -1.4717537   0.41634   ]
24 : [-1.0615189e+00  8.4058523e-01 -1.0550431e-01 -8.6263474e-04
 -1.5428589e-01]
25 : [-0.4029359  -0.32550505 -0.2802804  -0.05641144 -0.03469311]
26 : [-0.15616249  1.0822718   0.62446034  0.29504272 -2.2259974 ]
27 : [ 0.41896462  0.12319016  0.6337225  -0.25408652  0.826753  ]
28 : [ 1.2955962   0.32379216  0.18445413 -0.7332698   0.20526992]
29 : [ 0.14667726  1.3265933   1.2994285  -0.501253   -1.8166789 ]
30 : [-0.04580139 -0.7063684  -0.32488722  1.2615691  -0.72932744]
31 : [-0.399166    2.250312   -0.68930054  0.14151032 -0.29864037]
32 : [-1.5303625   1.702928   -1.1993316   0.7138612   0.14061329]
33 : [ 0.87494177 -0.47358325 -0.32576126 -1.0026208  -0.56961143]
34 : [-0.41976836  1.0382398   0.9380181  -0.7681157  -0.3159921 ]
35 : [ 0.50194585  1.6685753   1.5824629   0.1135118  -0.7306713 ]
36 : [ 0.7693772  -1.8122786   0.48402926 -1.4731079  -0.72462356]
37 : [-1.1723583   0.6792285   0.00680577 -1.1197019  -0.60615116]
38 : [ 1.5835016  -0.96252304 -1.7161272  -0.08832738 -0.10108569]
39 : [-0.9871816  -0.06922329  1.3066381  -0.17472786  1.351783  ]
40 : [-0.41870728  1.3150624  -0.89622885  1.0940741  -0.48581046]
41 : [-0.18566251  0.7771456  -1.6233549   1.8386137  -0.19358243]
42 : [-1.4288635  0.5069337  0.6820659  1.3093338 -0.803838 ]
43 : [ 0.8009073   0.21784526  0.34043196 -1.3571284  -0.9234396 ]
44 : [-0.159852   -0.50534403 -0.76883423 -1.1872076  -0.76190245]
45 : [ 0.56380063 -0.27620563 -0.25561944 -0.65615976  0.32686177]
46 : [-0.69938684  1.086099    0.37013915  1.1104052  -0.17319408]
47 : [ 0.40249372  0.719701    0.1879039  -0.20894884 -0.44508672]
48 : [ 0.16866478  1.1482089   0.59382004 -0.00540774 -1.719718  ]
49 : [-0.7391209  -0.33970526 -0.05505046 -0.08737254 -0.9741179 ]
50 : [-1.4466612   0.15797782 -0.8024504  -1.5629853  -1.5346984 ]
51 : [ 0.64292425  0.6266845  -1.1421647  -0.51367867  0.84329337]
52 : [-1.7561146   0.8476059  -0.58593285  0.20066452  1.4761262 ]
53 : [-1.5408483   0.160028    0.434973   -1.0370991   0.38749903]
54 : [-1.5344164  -0.01832439 -0.6275346   1.1053902  -0.12568785]
55 : [-1.1142988   1.1434273   0.8647338  -0.81001645  0.42709038]
56 : [-0.7631577  -0.37276244  1.2904377   0.09686566  2.108859  ]
57 : [-0.27940437  1.608485    0.0914055   1.364584    0.28199112]
58 : [ 1.5752707  1.0528876 -1.9220483  1.4026072 -1.1138108]
59 : [ 1.0214379  -0.12723199  0.64384496  0.83852684  0.5312949 ]
60 : [-0.6485703  -0.47521874 -0.39837793  1.3521826   0.49981308]
61 : [ 1.3638598  -0.727161    0.06586934 -0.6321494   0.01281546]
62 : [-0.1149991 -1.2066653 -0.9323271  0.2008653 -0.8674569]
63 : [ 0.32048425  0.19636287  0.6596283   3.0100381  -0.78871447]
64 : [0.9374215  0.48341295 1.827346   0.5760725  1.5906447 ]
65 : [ 0.01623644 -0.14945431 -0.22543357  0.4950738  -0.8135901 ]
66 : [-0.333199   -0.30733716 -1.2269721  -0.6486715   0.24501756]
67 : [ 0.98280483  1.706814   -0.38510412 -0.82298416  1.1403441 ]
68 : [ 0.86263484 -0.48451757 -0.9435995   0.20581262  0.1554841 ]
69 : [-0.6642583  -0.49182674  0.15932131  0.43823075 -0.9632408 ]
70 : [-0.74223375 -0.6502946   0.31049046 -1.1025057   0.599414  ]
71 : [ 0.8296122   0.10098846 -1.558908    0.31440932 -0.6593541 ]
72 : [ 2.139349   -0.7548719  -0.2542263  -0.43753096  0.11083805]
73 : [ 0.08503108 -0.07141399  1.287221   -0.60973054  0.08002619]
74 : [-0.40054426 -0.40653062 -1.2889388   2.2549677  -0.29607403]
75 : [ 0.9395463  -0.51228565 -1.0032554  -2.01236     0.30971754]
76 : [ 0.9216863   0.02953423  1.2379022  -0.5627662   0.35728467]
77 : [ 0.40577963  0.11936051  0.0254589  -0.39030844 -0.9891412 ]
78 : [-0.82375383  1.6605533   0.6805953   1.2480814  -0.1219516 ]
79 : [-0.72558725  1.0437828   0.53792745 -0.79603904  0.42739663]
80 : [-1.8332238 -0.8525129 -0.9015637 -0.1980436  0.3604949]
81 : [-1.6719129  -0.49420154 -0.81979394  0.23005226  0.1287683 ]
82 : [-0.38099357 -0.6056783   0.8558908   0.44716236  1.9424114 ]
83 : [-1.0926203  -0.6859614  -0.8176845  -0.16046722  0.20498249]
84 : [-0.3211067   0.8494055   0.55213743  0.19950634  0.66206264]
85 : [-0.63890916  0.50952625 -0.25680584  0.9734231  -0.7977938 ]
86 : [-1.5464351  -0.21232949 -0.4233256   0.68829334  0.44453478]
87 : [-0.88797987  0.78466976 -1.1290318   1.7655065  -1.1340016 ]
88 : [ 0.95519686  0.43454018 -0.06356436 -0.34771276  0.96800774]
89 : [-0.8807785 -1.2100642  0.5407381  1.7228327 -2.908768 ]
90 : [-0.6588738   0.46187112  1.4496928  -0.95413357 -0.20316978]
91 : [-1.0819553   0.04898085  0.11175026 -0.04648026  1.7879488 ]
92 : [ 0.7331728  -0.33714673  0.7704573  -0.3001941  -0.18012421]
93 : [ 0.9024837  -1.1668727  -1.0236706   0.7881438  -0.12729675]
94 : [-0.1679633   1.4545777   1.3825356  -0.65120476 -0.35916921]
95 : [-0.11843827  0.37402263 -0.95012623  1.2936071   1.1230943 ]
96 : [-0.05834907 -2.4306262  -1.418082   -0.6359254   0.20775737]
97 : [-0.5837872  0.6783832 -1.0212629  1.6839397 -1.8474302]
98 : [-0.49911207  0.7328607  -0.60756093 -1.1330127  -1.7661978 ]
99 : [ 0.85177034  0.20013618  0.73910373  0.47209564 -0.6622601 ]
100 : [ 0.3025035  0.3879604 -0.9177184 -0.5933935 -1.339227 ]
101 : [-0.5485793  -0.7936867  -2.5747418   0.18520647  0.09860877]
102 : [ 0.49750948  0.9611313  -0.99392706 -0.5089848   1.6581894 ]
103 : [ 1.1824646  -0.01471381 -2.0491552  -0.9339702   1.0655347 ]
104 : [ 0.5468612   0.6449464  -0.6419458   1.2444113   0.32321632]
105 : [ 1.2670863   1.0192362  -0.41036683  0.3929357  -0.02036384]
106 : [-1.4705586   0.02009472 -1.3898695  -1.297398   -1.2689828 ]
107 : [-0.7321164  -1.0018793   1.1467689  -1.2597313  -0.31252682]
108 : [-1.1843051  -0.24325712 -0.76275593  2.2623303   0.23659404]
109 : [0.1939036  0.22850728 0.29527605 1.3434771  0.43318763]
110 : [-0.29262066  0.78802025 -0.03378965 -1.1543362   1.259643  ]
111 : [-1.7675765  -0.8450995  -0.5450417  -0.39597946  1.3252496 ]
112 : [ 0.9740742   0.15810558  2.4473643  -0.02302576 -0.5446569 ]
113 : [-0.8365665   2.1852539  -0.44032893  0.07063994  0.95606995]
114 : [ 0.49879968 -0.34449106  0.90362656 -0.7069806   0.72108936]
115 : [ 1.7845908   0.88549817  0.95359224 -0.10336239 -2.1364686 ]
116 : [-1.2891467  -1.5405537  -1.133415   -0.35221425 -1.9177642 ]
117 : [-0.679821    0.3825356   0.1690674  -0.25470376  0.31124943]
118 : [0.64009315 0.69151074 0.68294907 0.17061888 0.26967034]
119 : [ 1.3480453  -0.01478619  0.6744429  -0.05122344 -2.2248447 ]
120 : [ 1.3301115 -0.4061973  1.0462888 -1.19722   -1.0378578]
121 : [ 0.28285623 -0.8227829  -0.6710639   1.033609   -1.6118537 ]
122 : [ 1.647283    0.89283776 -0.44822013 -0.3766322   0.07547764]
123 : [-1.110966    0.04672031 -1.1968495  -0.04023267  0.24333479]
124 : [-0.47018358 -0.7271792  -0.7426701   0.10000806 -2.1305373 ]
125 : [-0.1766809  -0.627024    0.14091769  1.6775839   0.32733023]
126 : [ 1.0788039  -0.21955524 -0.75531185 -1.2984993  -0.09701481]
127 : [-1.114551   -0.2246442  -0.5328881   0.14685507 -0.15624146]
128 : [ 2.1203878   0.89939517 -0.3628095  -1.1528467   0.22176984]
129 : [ 0.21481073 -1.2748505  -0.44295964  0.32895774 -0.9407455 ]
130 : [-0.6354382   1.0255723  -1.2366934  -0.96816725 -0.8353284 ]
131 : [-0.6082274  -0.61981755  0.7303215   1.8592852   0.662816  ]
132 : [ 0.5595668  -0.31127307  0.1423446   1.2054447   0.73483396]
133 : [-0.6012914  -0.6704081  -1.3460048   0.19901034  0.5676061 ]
134 : [ 1.1668031   0.5768344   1.892911   -0.00344685 -0.22572464]
135 : [ 0.00335433  0.8395675  -0.6639775   0.79009986  0.69958776]
136 : [-0.20559292  0.81835324  0.07845945 -1.4941069  -1.5973555 ]
137 : [-0.32435963  0.43281025  0.20303153 -1.4108016   0.37599465]
138 : [-0.7286402  -0.21948066  0.09447923  0.74438184 -2.1802344 ]
139 : [-0.8030387   0.7681891   1.2819325  -0.40677407  1.3341482 ]
140 : [ 0.65727985 -1.032719   -0.42981863 -0.6502388  -1.4241346 ]
141 : [ 0.08039278  0.98703927  0.42603117  0.2278361  -0.58375746]
142 : [-1.4241333   0.13146012  0.8844327  -1.0102179   0.7360728 ]
143 : [ 0.872444   -2.5115092   0.186456   -0.51790285  1.3773221 ]
--------------------------

