Graph : 

data = {'_edge_attr_cls': <class 'torch_geometric.data.data.DataEdgeAttr'>, '_tensor_attr_cls': <class 'torch_geometric.data.data.DataTensorAttr'>, '_store': {'x': tensor([ 0.,  1.,  2.,  3.,  4.,  5.,  6.,  7.,  8.,  9., 10., 11., 12., 13.,
        14., 15., 16., 17., 18., 19., 20., 21., 22., 23.], dtype=torch.float64), 'edge_index': tensor([[ 2,  1,  4,  3,  5,  3,  5,  4,  6,  3,  6,  4,  6,  5,  7,  3,  7,  4,
          7,  5,  7,  6,  9,  8, 10,  8, 10,  9, 11,  8, 11,  9, 11, 10, 12,  8,
         12,  9, 12, 10, 12, 11, 13,  8, 13,  9, 13, 10, 13, 11, 13, 12, 14,  8,
         14,  9, 14, 10, 14, 11, 14, 12, 14, 13, 15,  8, 15,  9, 15, 10, 15, 11,
         15, 12, 15, 13, 15, 14, 17, 16, 19, 18, 20, 18, 20, 19, 23, 22],
        [ 1,  2,  3,  4,  3,  5,  4,  5,  3,  6,  4,  6,  5,  6,  3,  7,  4,  7,
          5,  7,  6,  7,  8,  9,  8, 10,  9, 10,  8, 11,  9, 11, 10, 11,  8, 12,
          9, 12, 10, 12, 11, 12,  8, 13,  9, 13, 10, 13, 11, 13, 12, 13,  8, 14,
          9, 14, 10, 14, 11, 14, 12, 14, 13, 14,  8, 15,  9, 15, 10, 15, 11, 15,
         12, 15, 13, 15, 14, 15, 16, 17, 18, 19, 18, 20, 19, 20, 22, 23]])}}

Number of Epochs : 250
---------------------------------
Epoch : 0
--------------------------
Node ----- Embedding -----

 0 : [0.73 0.51 0.64 0.19 0.51]
 1 : [0.76 0.99 0.69 0.58 0.71]
 2 : [0.32 0.53 1.   0.73 0.62]
 3 : [0.6  0.37 0.27 0.8  0.55]
 4 : [0.23 0.42 0.48 0.46 0.62]
 5 : [0.69 0.61 0.53 0.67 0.51]
 6 : [0.69 0.37 0.46 0.48 0.86]
 7 : [0.64 0.1  0.3  0.55 0.31]
 8 : [0.53 0.71 0.27 0.6  0.37]
 9 : [0.68 0.47 0.27 0.69 0.25]
10 : [0.62 0.54 0.53 0.36 0.62]
11 : [0.17 0.75 0.47 0.65 0.69]
12 : [0.59 0.25 0.88 0.54 0.42]
13 : [0.21 0.43 0.43 0.4  0.26]
14 : [0.36 0.15 0.31 0.39 0.52]
15 : [0.57 0.47 0.74 0.51 0.36]
16 : [0.59 0.51 0.75 0.47 0.41]
17 : [0.   0.25 0.7  0.54 0.38]
18 : [0.82 0.57 0.7  0.77 0.5 ]
19 : [0.41 0.41 0.83 0.35 0.41]
20 : [0.52 0.61 0.61 0.73 0.5 ]
21 : [0.38 0.44 0.45 0.62 0.31]
22 : [0.5  0.49 0.49 0.77 0.62]
23 : [0.44 0.46 0.28 0.82 0.89]
--------------------------

Epoch : 20
--------------------------
Node ----- Embedding -----

 0 : [0.66 0.58 0.51 0.14 0.57]
 1 : [0.68 1.   0.66 0.47 0.66]
 2 : [0.38 0.61 0.95 0.63 0.66]
 3 : [0.56 0.38 0.28 0.74 0.6 ]
 4 : [0.28 0.33 0.31 0.51 0.7 ]
 5 : [0.64 0.49 0.37 0.59 0.6 ]
 6 : [0.66 0.33 0.36 0.48 0.83]
 7 : [0.69 0.09 0.23 0.54 0.39]
 8 : [0.44 0.63 0.32 0.45 0.27]
 9 : [0.57 0.5  0.32 0.55 0.21]
10 : [0.5  0.51 0.44 0.29 0.47]
11 : [0.19 0.65 0.44 0.51 0.55]
12 : [0.5  0.32 0.79 0.48 0.32]
13 : [0.26 0.51 0.43 0.34 0.25]
14 : [0.35 0.18 0.33 0.33 0.42]
15 : [0.46 0.52 0.62 0.39 0.3 ]
16 : [0.49 0.42 0.73 0.38 0.38]
17 : [0.   0.29 0.68 0.45 0.41]
18 : [0.77 0.53 0.77 0.71 0.42]
19 : [0.47 0.46 0.86 0.39 0.44]
20 : [0.56 0.57 0.69 0.67 0.4 ]
21 : [0.41 0.54 0.37 0.58 0.25]
22 : [0.51 0.55 0.4  0.74 0.64]
23 : [0.46 0.49 0.31 0.75 0.83]
--------------------------

Epoch : 40
--------------------------
Node ----- Embedding -----

 0 : [0.72 0.59 0.49 0.11 0.68]
 1 : [0.63 1.   0.63 0.48 0.7 ]
 2 : [0.43 0.69 0.91 0.59 0.71]
 3 : [0.6  0.35 0.28 0.72 0.67]
 4 : [0.34 0.29 0.27 0.57 0.8 ]
 5 : [0.64 0.42 0.28 0.62 0.7 ]
 6 : [0.66 0.3  0.34 0.49 0.82]
 7 : [0.72 0.1  0.24 0.59 0.48]
 8 : [0.39 0.62 0.35 0.37 0.19]
 9 : [0.5  0.54 0.34 0.43 0.15]
10 : [0.43 0.57 0.4  0.22 0.36]
11 : [0.19 0.62 0.42 0.36 0.42]
12 : [0.42 0.37 0.72 0.34 0.2 ]
13 : [0.3  0.56 0.43 0.33 0.26]
14 : [0.32 0.24 0.36 0.27 0.29]
15 : [0.41 0.54 0.55 0.3  0.26]
16 : [0.42 0.32 0.78 0.38 0.46]
17 : [0.   0.28 0.7  0.49 0.51]
18 : [0.78 0.49 0.81 0.71 0.4 ]
19 : [0.59 0.48 0.93 0.46 0.48]
20 : [0.67 0.55 0.78 0.69 0.41]
21 : [0.47 0.63 0.3  0.72 0.2 ]
22 : [0.48 0.66 0.36 0.81 0.71]
23 : [0.47 0.59 0.33 0.77 0.82]
--------------------------

Epoch : 60
--------------------------
Node ----- Embedding -----

 0 : [0.83 0.62 0.51 0.07 0.76]
 1 : [0.58 1.   0.66 0.49 0.73]
 2 : [0.48 0.81 0.91 0.56 0.76]
 3 : [0.65 0.26 0.27 0.7  0.72]
 4 : [0.41 0.24 0.25 0.6  0.83]
 5 : [0.68 0.36 0.23 0.62 0.76]
 6 : [0.69 0.25 0.28 0.53 0.82]
 7 : [0.77 0.08 0.22 0.63 0.6 ]
 8 : [0.41 0.65 0.38 0.33 0.17]
 9 : [0.47 0.57 0.35 0.37 0.12]
10 : [0.39 0.59 0.39 0.21 0.3 ]
11 : [0.21 0.62 0.4  0.29 0.35]
12 : [0.4  0.44 0.68 0.26 0.15]
13 : [0.33 0.59 0.38 0.3  0.24]
14 : [0.34 0.32 0.42 0.26 0.25]
15 : [0.39 0.57 0.51 0.26 0.24]
16 : [0.33 0.22 0.85 0.47 0.59]
17 : [0.   0.26 0.78 0.56 0.61]
18 : [0.83 0.5  0.88 0.72 0.39]
19 : [0.69 0.46 0.98 0.55 0.48]
20 : [0.79 0.52 0.86 0.72 0.4 ]
21 : [0.53 0.67 0.32 0.84 0.18]
22 : [0.43 0.75 0.37 0.86 0.73]
23 : [0.39 0.72 0.35 0.79 0.8 ]
--------------------------

Epoch : 80
--------------------------
Node ----- Embedding -----

 0 : [0.84 0.66 0.52 0.03 0.79]
 1 : [0.56 0.97 0.67 0.45 0.78]
 2 : [0.45 0.84 0.84 0.49 0.78]
 3 : [0.67 0.18 0.22 0.65 0.73]
 4 : [0.47 0.17 0.18 0.61 0.82]
 5 : [0.67 0.28 0.19 0.59 0.75]
 6 : [0.71 0.21 0.23 0.54 0.79]
 7 : [0.69 0.09 0.19 0.63 0.63]
 8 : [0.39 0.6  0.36 0.26 0.14]
 9 : [0.4  0.57 0.32 0.3  0.08]
10 : [0.36 0.55 0.41 0.18 0.25]
11 : [0.24 0.61 0.39 0.25 0.27]
12 : [0.36 0.46 0.6  0.21 0.1 ]
13 : [0.33 0.57 0.35 0.25 0.17]
14 : [0.32 0.38 0.39 0.18 0.16]
15 : [0.36 0.55 0.44 0.21 0.17]
16 : [0.22 0.16 0.86 0.48 0.67]
17 : [0.   0.24 0.8  0.58 0.65]
18 : [0.87 0.47 0.9  0.73 0.34]
19 : [0.77 0.45 1.   0.59 0.38]
20 : [0.85 0.46 0.88 0.7  0.34]
21 : [0.54 0.68 0.29 0.94 0.13]
22 : [0.35 0.83 0.35 0.89 0.7 ]
23 : [0.29 0.84 0.34 0.82 0.74]
--------------------------

Epoch : 100
--------------------------
Node ----- Embedding -----

 0 : [0.86 0.69 0.54 0.07 0.82]
 1 : [0.56 0.98 0.69 0.42 0.84]
 2 : [0.49 0.88 0.81 0.45 0.84]
 3 : [0.69 0.17 0.19 0.64 0.76]
 4 : [0.54 0.17 0.18 0.58 0.82]
 5 : [0.7  0.23 0.18 0.56 0.76]
 6 : [0.69 0.21 0.2  0.58 0.75]
 7 : [0.71 0.13 0.2  0.62 0.7 ]
 8 : [0.36 0.59 0.37 0.22 0.14]
 9 : [0.39 0.55 0.34 0.28 0.13]
10 : [0.35 0.52 0.39 0.18 0.23]
11 : [0.27 0.6  0.39 0.2  0.21]
12 : [0.34 0.49 0.55 0.22 0.14]
13 : [0.36 0.57 0.4  0.26 0.18]
14 : [0.31 0.45 0.39 0.18 0.17]
15 : [0.36 0.55 0.42 0.21 0.17]
16 : [0.18 0.18 0.89 0.54 0.66]
17 : [0.   0.21 0.84 0.61 0.7 ]
18 : [0.88 0.45 0.93 0.72 0.35]
19 : [0.83 0.44 0.98 0.63 0.37]
20 : [0.89 0.44 0.9  0.72 0.37]
21 : [0.54 0.72 0.32 1.   0.21]
22 : [0.3  0.87 0.33 0.92 0.64]
23 : [0.3  0.9  0.35 0.86 0.71]
--------------------------

Epoch : 120
--------------------------
Node ----- Embedding -----

 0 : [0.76 0.67 0.49 0.08 0.8 ]
 1 : [0.52 0.91 0.66 0.36 0.81]
 2 : [0.47 0.84 0.74 0.33 0.85]
 3 : [0.66 0.11 0.14 0.57 0.73]
 4 : [0.54 0.13 0.16 0.54 0.78]
 5 : [0.66 0.18 0.16 0.52 0.72]
 6 : [0.66 0.13 0.15 0.56 0.73]
 7 : [0.64 0.16 0.17 0.52 0.67]
 8 : [0.35 0.52 0.36 0.21 0.14]
 9 : [0.35 0.52 0.35 0.23 0.12]
10 : [0.31 0.49 0.37 0.16 0.15]
11 : [0.3  0.53 0.37 0.21 0.2 ]
12 : [0.31 0.47 0.49 0.19 0.15]
13 : [0.32 0.51 0.36 0.21 0.16]
14 : [0.31 0.44 0.38 0.16 0.15]
15 : [0.33 0.5  0.38 0.16 0.13]
16 : [0.1  0.15 0.83 0.53 0.61]
17 : [0.   0.18 0.81 0.59 0.68]
18 : [0.85 0.43 0.88 0.68 0.29]
19 : [0.8  0.4  0.9  0.63 0.31]
20 : [0.85 0.41 0.86 0.66 0.31]
21 : [0.47 0.69 0.33 1.   0.21]
22 : [0.28 0.83 0.32 0.87 0.55]
23 : [0.3  0.87 0.33 0.84 0.62]
--------------------------

Epoch : 140
--------------------------
Node ----- Embedding -----

 0 : [0.75 0.72 0.56 0.11 0.82]
 1 : [0.51 0.88 0.66 0.3  0.83]
 2 : [0.49 0.85 0.71 0.3  0.86]
 3 : [0.62 0.13 0.15 0.54 0.69]
 4 : [0.56 0.14 0.18 0.53 0.76]
 5 : [0.65 0.15 0.16 0.53 0.71]
 6 : [0.64 0.15 0.15 0.55 0.69]
 7 : [0.64 0.15 0.15 0.54 0.67]
 8 : [0.32 0.51 0.34 0.15 0.13]
 9 : [0.33 0.48 0.34 0.2  0.11]
10 : [0.31 0.51 0.37 0.18 0.15]
11 : [0.28 0.51 0.33 0.18 0.17]
12 : [0.3  0.47 0.45 0.18 0.12]
13 : [0.31 0.5  0.35 0.19 0.13]
14 : [0.29 0.45 0.36 0.13 0.11]
15 : [0.31 0.5  0.37 0.15 0.11]
16 : [0.06 0.15 0.83 0.56 0.65]
17 : [0.   0.19 0.79 0.58 0.67]
18 : [0.85 0.41 0.86 0.67 0.29]
19 : [0.81 0.39 0.84 0.63 0.31]
20 : [0.89 0.42 0.87 0.67 0.29]
21 : [0.47 0.67 0.35 1.   0.23]
22 : [0.26 0.83 0.3  0.89 0.54]
23 : [0.26 0.89 0.31 0.85 0.58]
--------------------------

Epoch : 160
--------------------------
Node ----- Embedding -----

 0 : [0.75 0.75 0.58 0.15 0.83]
 1 : [0.55 0.86 0.66 0.28 0.86]
 2 : [0.54 0.87 0.71 0.3  0.89]
 3 : [0.67 0.15 0.15 0.55 0.7 ]
 4 : [0.61 0.11 0.16 0.56 0.78]
 5 : [0.65 0.15 0.16 0.54 0.77]
 6 : [0.64 0.17 0.17 0.53 0.73]
 7 : [0.65 0.16 0.15 0.56 0.71]
 8 : [0.32 0.52 0.37 0.17 0.14]
 9 : [0.34 0.52 0.36 0.21 0.13]
10 : [0.33 0.51 0.38 0.2  0.16]
11 : [0.32 0.52 0.39 0.2  0.18]
12 : [0.31 0.47 0.44 0.18 0.14]
13 : [0.32 0.51 0.35 0.17 0.12]
14 : [0.32 0.49 0.37 0.18 0.13]
15 : [0.32 0.51 0.39 0.18 0.14]
16 : [0.07 0.17 0.86 0.62 0.65]
17 : [0.   0.2  0.83 0.61 0.7 ]
18 : [0.87 0.38 0.9  0.68 0.29]
19 : [0.85 0.41 0.88 0.67 0.33]
20 : [0.89 0.43 0.89 0.68 0.29]
21 : [0.48 0.68 0.36 1.   0.27]
22 : [0.22 0.83 0.32 0.89 0.55]
23 : [0.28 0.9  0.33 0.9  0.56]
--------------------------

Epoch : 180
--------------------------
Node ----- Embedding -----

 0 : [0.72 0.76 0.57 0.14 0.79]
 1 : [0.49 0.81 0.63 0.26 0.87]
 2 : [0.52 0.83 0.68 0.24 0.86]
 3 : [0.62 0.12 0.13 0.54 0.69]
 4 : [0.6  0.15 0.16 0.52 0.7 ]
 5 : [0.61 0.17 0.17 0.53 0.7 ]
 6 : [0.62 0.16 0.14 0.53 0.7 ]
 7 : [0.64 0.15 0.14 0.55 0.72]
 8 : [0.29 0.49 0.36 0.16 0.11]
 9 : [0.31 0.48 0.37 0.17 0.11]
10 : [0.32 0.47 0.39 0.2  0.15]
11 : [0.32 0.52 0.38 0.17 0.14]
12 : [0.31 0.47 0.4  0.17 0.16]
13 : [0.3  0.47 0.32 0.16 0.12]
14 : [0.3  0.48 0.36 0.16 0.11]
15 : [0.3  0.49 0.37 0.16 0.14]
16 : [0.04 0.17 0.82 0.58 0.66]
17 : [0.   0.21 0.78 0.56 0.65]
18 : [0.84 0.39 0.85 0.68 0.28]
19 : [0.83 0.4  0.84 0.65 0.28]
20 : [0.87 0.4  0.85 0.65 0.26]
21 : [0.47 0.68 0.36 1.   0.27]
22 : [0.23 0.79 0.3  0.87 0.53]
23 : [0.31 0.82 0.31 0.87 0.52]
--------------------------

Epoch : 200
--------------------------
Node ----- Embedding -----

 0 : [0.74 0.84 0.6  0.17 0.85]
 1 : [0.49 0.84 0.67 0.28 0.89]
 2 : [0.57 0.84 0.69 0.25 0.88]
 3 : [0.65 0.12 0.14 0.57 0.73]
 4 : [0.63 0.14 0.15 0.55 0.75]
 5 : [0.63 0.19 0.18 0.56 0.71]
 6 : [0.64 0.15 0.14 0.55 0.73]
 7 : [0.68 0.13 0.13 0.52 0.75]
 8 : [0.3  0.49 0.37 0.19 0.14]
 9 : [0.33 0.49 0.42 0.21 0.15]
10 : [0.3  0.5  0.38 0.17 0.15]
11 : [0.33 0.54 0.41 0.21 0.16]
12 : [0.32 0.48 0.38 0.15 0.12]
13 : [0.32 0.48 0.37 0.17 0.13]
14 : [0.33 0.49 0.37 0.19 0.12]
15 : [0.32 0.5  0.39 0.18 0.14]
16 : [0.02 0.17 0.86 0.59 0.66]
17 : [0.   0.23 0.83 0.6  0.68]
18 : [0.84 0.42 0.84 0.68 0.3 ]
19 : [0.87 0.38 0.88 0.67 0.32]
20 : [0.85 0.43 0.87 0.67 0.27]
21 : [0.5  0.72 0.4  1.   0.27]
22 : [0.22 0.82 0.31 0.91 0.57]
23 : [0.27 0.88 0.28 0.9  0.58]
--------------------------

Epoch : 220
--------------------------
Node ----- Embedding -----

 0 : [0.68 0.82 0.57 0.17 0.83]
 1 : [0.51 0.8  0.63 0.27 0.86]
 2 : [0.55 0.82 0.67 0.25 0.87]
 3 : [0.64 0.09 0.14 0.57 0.72]
 4 : [0.62 0.14 0.15 0.51 0.71]
 5 : [0.64 0.14 0.15 0.53 0.71]
 6 : [0.64 0.13 0.11 0.56 0.73]
 7 : [0.64 0.13 0.15 0.5  0.73]
 8 : [0.3  0.5  0.36 0.15 0.12]
 9 : [0.3  0.5  0.39 0.18 0.13]
10 : [0.29 0.49 0.37 0.16 0.11]
11 : [0.31 0.48 0.36 0.19 0.13]
12 : [0.32 0.45 0.37 0.16 0.12]
13 : [0.29 0.51 0.35 0.15 0.09]
14 : [0.3  0.49 0.34 0.16 0.1 ]
15 : [0.31 0.46 0.39 0.16 0.11]
16 : [0.   0.15 0.87 0.59 0.67]
17 : [0.01 0.19 0.8  0.59 0.68]
18 : [0.89 0.38 0.86 0.67 0.22]
19 : [0.85 0.36 0.88 0.66 0.26]
20 : [0.82 0.37 0.82 0.64 0.28]
21 : [0.45 0.72 0.38 1.   0.3 ]
22 : [0.22 0.86 0.28 0.91 0.55]
23 : [0.24 0.87 0.25 0.91 0.49]
--------------------------

Epoch : 240
--------------------------
Node ----- Embedding -----

 0 : [0.69 0.82 0.6  0.17 0.81]
 1 : [0.48 0.78 0.64 0.26 0.87]
 2 : [0.53 0.81 0.65 0.23 0.88]
 3 : [0.6  0.15 0.15 0.52 0.68]
 4 : [0.62 0.13 0.15 0.52 0.71]
 5 : [0.64 0.14 0.11 0.55 0.72]
 6 : [0.62 0.14 0.13 0.51 0.7 ]
 7 : [0.62 0.11 0.15 0.52 0.72]
 8 : [0.27 0.48 0.35 0.12 0.08]
 9 : [0.33 0.47 0.39 0.18 0.15]
10 : [0.27 0.49 0.35 0.13 0.09]
11 : [0.28 0.48 0.35 0.16 0.11]
12 : [0.32 0.47 0.34 0.16 0.11]
13 : [0.28 0.48 0.34 0.15 0.12]
14 : [0.33 0.49 0.35 0.2  0.13]
15 : [0.3  0.46 0.39 0.18 0.08]
16 : [0.03 0.16 0.82 0.56 0.64]
17 : [0.   0.2  0.83 0.56 0.68]
18 : [0.87 0.39 0.86 0.68 0.22]
19 : [0.85 0.36 0.86 0.66 0.24]
20 : [0.84 0.36 0.85 0.63 0.27]
21 : [0.43 0.74 0.34 1.   0.28]
22 : [0.29 0.81 0.28 0.86 0.49]
23 : [0.24 0.83 0.28 0.9  0.5 ]
--------------------------

