Graph : 

data = {'_edge_attr_cls': <class 'torch_geometric.data.data.DataEdgeAttr'>, '_tensor_attr_cls': <class 'torch_geometric.data.data.DataTensorAttr'>, '_store': {'x': tensor([ 0.,  1.,  2.,  3.,  4.,  5.,  6.,  7.,  8.,  9., 10., 11., 12., 13.,
        14., 15., 16., 17., 18., 19., 20., 21., 22., 23.], dtype=torch.float64), 'edge_index': tensor([[ 2,  1,  4,  3,  5,  3,  5,  4,  6,  3,  6,  4,  6,  5,  7,  3,  7,  4,
          7,  5,  7,  6,  9,  8, 10,  8, 10,  9, 11,  8, 11,  9, 11, 10, 12,  8,
         12,  9, 12, 10, 12, 11, 13,  8, 13,  9, 13, 10, 13, 11, 13, 12, 14,  8,
         14,  9, 14, 10, 14, 11, 14, 12, 14, 13, 15,  8, 15,  9, 15, 10, 15, 11,
         15, 12, 15, 13, 15, 14, 17, 16, 19, 18, 20, 18, 20, 19, 23, 22],
        [ 1,  2,  3,  4,  3,  5,  4,  5,  3,  6,  4,  6,  5,  6,  3,  7,  4,  7,
          5,  7,  6,  7,  8,  9,  8, 10,  9, 10,  8, 11,  9, 11, 10, 11,  8, 12,
          9, 12, 10, 12, 11, 12,  8, 13,  9, 13, 10, 13, 11, 13, 12, 13,  8, 14,
          9, 14, 10, 14, 11, 14, 12, 14, 13, 14,  8, 15,  9, 15, 10, 15, 11, 15,
         12, 15, 13, 15, 14, 15, 16, 17, 18, 19, 18, 20, 19, 20, 22, 23]])}}

Number of Epochs : 11
---------------------------------
Epoch : 0
--------------------------
Node ----- Embedding -----

 0 : [0.73 0.51 0.64 0.19 0.51]
 1 : [0.76 0.99 0.69 0.58 0.71]
 2 : [0.32 0.53 1.   0.73 0.62]
 3 : [0.6  0.37 0.27 0.8  0.55]
 4 : [0.23 0.42 0.48 0.46 0.62]
 5 : [0.69 0.61 0.53 0.67 0.51]
 6 : [0.69 0.37 0.46 0.48 0.86]
 7 : [0.64 0.1  0.3  0.55 0.31]
 8 : [0.53 0.71 0.27 0.6  0.37]
 9 : [0.68 0.47 0.27 0.69 0.25]
10 : [0.62 0.54 0.53 0.36 0.62]
11 : [0.17 0.75 0.47 0.65 0.69]
12 : [0.59 0.25 0.88 0.54 0.42]
13 : [0.21 0.43 0.43 0.4  0.26]
14 : [0.36 0.15 0.31 0.39 0.52]
15 : [0.57 0.47 0.74 0.51 0.36]
16 : [0.59 0.51 0.75 0.47 0.41]
17 : [0.   0.25 0.7  0.54 0.38]
18 : [0.82 0.57 0.7  0.77 0.5 ]
19 : [0.41 0.41 0.83 0.35 0.41]
20 : [0.52 0.61 0.61 0.73 0.5 ]
21 : [0.38 0.44 0.45 0.62 0.31]
22 : [0.5  0.49 0.49 0.77 0.62]
23 : [0.44 0.46 0.28 0.82 0.89]
--------------------------

