Graph : 

x = tensor([ 0.,  1.,  2.,  3.,  4.,  5.,  6.,  7.,  8.,  9., 10., 11., 12.],
       dtype=torch.float64)
edge_index = tensor([[ 1,  0,  2,  0,  2,  1,  3,  0,  3,  2,  4,  0,  5,  1,  6,  1,  6,  5,
          8,  7,  9,  7,  7,  4,  9,  8,  7,  0,  3,  1, 10,  1, 11, 10, 10,  5,
          5,  0, 10,  0, 10,  7, 12,  6],
        [ 0,  1,  0,  2,  1,  2,  0,  3,  2,  3,  0,  4,  1,  5,  1,  6,  5,  6,
          7,  8,  7,  9,  4,  7,  8,  9,  0,  7,  1,  3,  1, 10, 10, 11,  5, 10,
          0,  5,  0, 10,  7, 10,  6, 12]])

---------------------------------
---------------------------------

Number of Epochs : 1500
---------------------------------
Epoch : 10
--------------------------
Node ----- Embedding -----

 0 : [0.06 0.76 0.32]
 1 : [0.43 0.64 0.76]
 2 : [0.74 0.47 0.45]
 3 : [0.73 0.39 0.67]
 4 : [0.31 0.86 0.64]
 5 : [0.35 0.61 0.37]
 6 : [0.51 0.44 0.6 ]
 7 : [0.6  0.72 0.56]
 8 : [0.5  0.7  0.48]
 9 : [1.   0.38 0.75]
10 : [0.13 0.18 0.17]
11 : [0.   0.77 0.31]
12 : [0.49 0.57 0.29]
--------------------------

Epoch : 20
--------------------------
Node ----- Embedding -----

 0 : [0.06 0.75 0.33]
 1 : [0.42 0.63 0.75]
 2 : [0.73 0.48 0.45]
 3 : [0.72 0.41 0.65]
 4 : [0.33 0.85 0.67]
 5 : [0.36 0.59 0.39]
 6 : [0.5  0.45 0.59]
 7 : [0.58 0.7  0.54]
 8 : [0.52 0.69 0.49]
 9 : [1.   0.4  0.74]
10 : [0.14 0.18 0.18]
11 : [0.   0.76 0.33]
12 : [0.5  0.55 0.3 ]
--------------------------

Epoch : 30
--------------------------
Node ----- Embedding -----

 0 : [0.06 0.74 0.34]
 1 : [0.4  0.61 0.74]
 2 : [0.72 0.5  0.45]
 3 : [0.7  0.42 0.64]
 4 : [0.34 0.85 0.69]
 5 : [0.37 0.57 0.4 ]
 6 : [0.48 0.46 0.58]
 7 : [0.57 0.69 0.53]
 8 : [0.53 0.68 0.51]
 9 : [1.   0.41 0.73]
10 : [0.14 0.19 0.18]
11 : [0.   0.74 0.34]
12 : [0.52 0.53 0.31]
--------------------------

Epoch : 40
--------------------------
Node ----- Embedding -----

 0 : [0.07 0.74 0.35]
 1 : [0.39 0.6  0.73]
 2 : [0.71 0.51 0.46]
 3 : [0.69 0.43 0.63]
 4 : [0.35 0.84 0.7 ]
 5 : [0.38 0.56 0.41]
 6 : [0.47 0.46 0.56]
 7 : [0.56 0.68 0.51]
 8 : [0.55 0.67 0.52]
 9 : [1.   0.43 0.72]
10 : [0.15 0.19 0.19]
11 : [0.   0.73 0.35]
12 : [0.54 0.52 0.32]
--------------------------

Epoch : 50
--------------------------
Node ----- Embedding -----

 0 : [0.06 0.73 0.36]
 1 : [0.38 0.58 0.72]
 2 : [0.69 0.53 0.47]
 3 : [0.67 0.45 0.61]
 4 : [0.36 0.84 0.72]
 5 : [0.39 0.54 0.42]
 6 : [0.47 0.46 0.55]
 7 : [0.55 0.67 0.5 ]
 8 : [0.57 0.66 0.54]
 9 : [1.   0.44 0.71]
10 : [0.15 0.19 0.19]
11 : [0.   0.72 0.36]
12 : [0.55 0.5  0.33]
--------------------------

Epoch : 60
--------------------------
Node ----- Embedding -----

 0 : [0.06 0.72 0.36]
 1 : [0.37 0.56 0.7 ]
 2 : [0.68 0.54 0.47]
 3 : [0.66 0.46 0.6 ]
 4 : [0.37 0.83 0.72]
 5 : [0.39 0.52 0.43]
 6 : [0.48 0.45 0.54]
 7 : [0.54 0.65 0.49]
 8 : [0.58 0.65 0.54]
 9 : [1.   0.45 0.71]
10 : [0.15 0.2  0.19]
11 : [0.   0.71 0.36]
12 : [0.56 0.49 0.33]
--------------------------

Epoch : 70
--------------------------
Node ----- Embedding -----

 0 : [0.06 0.72 0.37]
 1 : [0.37 0.55 0.69]
 2 : [0.67 0.55 0.48]
 3 : [0.64 0.47 0.59]
 4 : [0.38 0.83 0.73]
 5 : [0.39 0.5  0.43]
 6 : [0.49 0.44 0.53]
 7 : [0.54 0.64 0.48]
 8 : [0.59 0.64 0.55]
 9 : [1.   0.46 0.7 ]
10 : [0.16 0.2  0.19]
11 : [0.   0.7  0.37]
12 : [0.57 0.47 0.33]
--------------------------

Epoch : 80
--------------------------
Node ----- Embedding -----

 0 : [0.06 0.72 0.38]
 1 : [0.37 0.53 0.69]
 2 : [0.65 0.55 0.5 ]
 3 : [0.62 0.48 0.58]
 4 : [0.38 0.82 0.73]
 5 : [0.39 0.48 0.44]
 6 : [0.5  0.42 0.52]
 7 : [0.54 0.64 0.47]
 8 : [0.61 0.64 0.56]
 9 : [1.   0.47 0.69]
10 : [0.16 0.19 0.19]
11 : [0.   0.69 0.38]
12 : [0.58 0.46 0.34]
--------------------------

Epoch : 90
--------------------------
Node ----- Embedding -----

 0 : [0.06 0.72 0.38]
 1 : [0.36 0.52 0.68]
 2 : [0.64 0.56 0.51]
 3 : [0.61 0.49 0.57]
 4 : [0.39 0.82 0.72]
 5 : [0.39 0.46 0.44]
 6 : [0.5  0.39 0.51]
 7 : [0.55 0.63 0.47]
 8 : [0.62 0.63 0.56]
 9 : [1.   0.47 0.68]
10 : [0.16 0.19 0.19]
11 : [0.   0.68 0.38]
12 : [0.59 0.44 0.34]
--------------------------

Epoch : 100
--------------------------
Node ----- Embedding -----

 0 : [0.06 0.72 0.39]
 1 : [0.35 0.5  0.66]
 2 : [0.62 0.57 0.52]
 3 : [0.59 0.5  0.57]
 4 : [0.4  0.81 0.71]
 5 : [0.38 0.44 0.44]
 6 : [0.5  0.36 0.5 ]
 7 : [0.55 0.63 0.47]
 8 : [0.63 0.63 0.57]
 9 : [1.   0.48 0.67]
10 : [0.15 0.19 0.19]
11 : [0.   0.67 0.38]
12 : [0.59 0.43 0.34]
--------------------------

Epoch : 110
--------------------------
Node ----- Embedding -----

 0 : [0.05 0.72 0.39]
 1 : [0.34 0.48 0.65]
 2 : [0.61 0.57 0.53]
 3 : [0.58 0.51 0.57]
 4 : [0.4  0.81 0.7 ]
 5 : [0.37 0.42 0.44]
 6 : [0.5  0.33 0.49]
 7 : [0.55 0.63 0.46]
 8 : [0.64 0.63 0.57]
 9 : [1.   0.49 0.66]
10 : [0.15 0.19 0.19]
11 : [0.   0.66 0.39]
12 : [0.6  0.41 0.34]
--------------------------

Epoch : 120
--------------------------
Node ----- Embedding -----

 0 : [0.05 0.72 0.4 ]
 1 : [0.32 0.46 0.64]
 2 : [0.59 0.58 0.54]
 3 : [0.56 0.52 0.56]
 4 : [0.4  0.81 0.69]
 5 : [0.36 0.39 0.44]
 6 : [0.5  0.29 0.48]
 7 : [0.55 0.63 0.45]
 8 : [0.65 0.63 0.56]
 9 : [1.   0.49 0.65]
10 : [0.16 0.2  0.18]
11 : [0.   0.65 0.39]
12 : [0.61 0.38 0.34]
--------------------------

Epoch : 130
--------------------------
Node ----- Embedding -----

 0 : [0.04 0.73 0.4 ]
 1 : [0.31 0.44 0.63]
 2 : [0.57 0.58 0.55]
 3 : [0.54 0.53 0.56]
 4 : [0.4  0.81 0.67]
 5 : [0.35 0.37 0.44]
 6 : [0.51 0.25 0.47]
 7 : [0.55 0.63 0.45]
 8 : [0.65 0.62 0.56]
 9 : [1.   0.5  0.64]
10 : [0.16 0.2  0.18]
11 : [0.   0.64 0.39]
12 : [0.61 0.36 0.33]
--------------------------

Epoch : 140
--------------------------
Node ----- Embedding -----

 0 : [0.04 0.73 0.41]
 1 : [0.3  0.42 0.62]
 2 : [0.56 0.58 0.57]
 3 : [0.52 0.53 0.57]
 4 : [0.4  0.81 0.66]
 5 : [0.34 0.34 0.44]
 6 : [0.5  0.21 0.46]
 7 : [0.54 0.64 0.44]
 8 : [0.66 0.62 0.56]
 9 : [1.   0.5  0.62]
10 : [0.15 0.22 0.18]
11 : [0.   0.62 0.39]
12 : [0.62 0.34 0.33]
--------------------------

Epoch : 150
--------------------------
Node ----- Embedding -----

 0 : [0.03 0.72 0.41]
 1 : [0.28 0.4  0.61]
 2 : [0.54 0.58 0.58]
 3 : [0.51 0.54 0.58]
 4 : [0.39 0.81 0.64]
 5 : [0.32 0.32 0.43]
 6 : [0.5  0.17 0.46]
 7 : [0.54 0.64 0.42]
 8 : [0.67 0.62 0.56]
 9 : [1.   0.51 0.61]
10 : [0.15 0.23 0.17]
11 : [0.   0.61 0.39]
12 : [0.62 0.31 0.33]
--------------------------

Epoch : 160
--------------------------
Node ----- Embedding -----

 0 : [0.03 0.73 0.42]
 1 : [0.27 0.39 0.61]
 2 : [0.52 0.59 0.59]
 3 : [0.49 0.54 0.59]
 4 : [0.39 0.81 0.62]
 5 : [0.31 0.3  0.43]
 6 : [0.5  0.13 0.45]
 7 : [0.54 0.65 0.41]
 8 : [0.68 0.62 0.55]
 9 : [1.   0.51 0.59]
10 : [0.15 0.24 0.17]
11 : [0.   0.6  0.39]
12 : [0.63 0.29 0.32]
--------------------------

Epoch : 170
--------------------------
Node ----- Embedding -----

 0 : [0.02 0.73 0.42]
 1 : [0.25 0.37 0.6 ]
 2 : [0.5  0.59 0.61]
 3 : [0.48 0.55 0.6 ]
 4 : [0.4  0.81 0.6 ]
 5 : [0.29 0.27 0.42]
 6 : [0.5  0.09 0.45]
 7 : [0.54 0.66 0.4 ]
 8 : [0.69 0.63 0.55]
 9 : [1.   0.52 0.58]
10 : [0.14 0.25 0.16]
11 : [0.   0.58 0.38]
12 : [0.63 0.26 0.32]
--------------------------

Epoch : 180
--------------------------
Node ----- Embedding -----

 0 : [0.01 0.73 0.43]
 1 : [0.24 0.35 0.6 ]
 2 : [0.48 0.59 0.64]
 3 : [0.46 0.55 0.62]
 4 : [0.4  0.81 0.57]
 5 : [0.28 0.25 0.42]
 6 : [0.49 0.04 0.44]
 7 : [0.55 0.68 0.38]
 8 : [0.7  0.63 0.54]
 9 : [1.   0.53 0.56]
10 : [0.13 0.27 0.15]
11 : [0.   0.56 0.37]
12 : [0.64 0.22 0.31]
--------------------------

Epoch : 190
--------------------------
Node ----- Embedding -----

 0 : [0.   0.72 0.43]
 1 : [0.22 0.33 0.6 ]
 2 : [0.46 0.59 0.66]
 3 : [0.44 0.56 0.64]
 4 : [0.4  0.81 0.54]
 5 : [0.26 0.22 0.41]
 6 : [0.49 0.   0.44]
 7 : [0.55 0.7  0.36]
 8 : [0.7  0.63 0.53]
 9 : [1.   0.54 0.54]
10 : [0.12 0.28 0.14]
11 : [0.   0.54 0.36]
12 : [0.64 0.19 0.31]
--------------------------

Epoch : 200
--------------------------
Node ----- Embedding -----

 0 : [0.03 0.74 0.46]
 1 : [0.23 0.34 0.62]
 2 : [0.46 0.6  0.7 ]
 3 : [0.44 0.57 0.68]
 4 : [0.42 0.82 0.53]
 5 : [0.27 0.24 0.43]
 6 : [0.51 0.   0.45]
 7 : [0.56 0.73 0.36]
 8 : [0.72 0.65 0.53]
 9 : [1.   0.57 0.54]
10 : [0.15 0.33 0.16]
11 : [0.04 0.55 0.38]
12 : [0.65 0.19 0.33]
--------------------------

Epoch : 210
--------------------------
Node ----- Embedding -----

 0 : [0.05 0.74 0.48]
 1 : [0.23 0.34 0.63]
 2 : [0.46 0.6  0.74]
 3 : [0.44 0.59 0.71]
 4 : [0.43 0.83 0.51]
 5 : [0.27 0.24 0.44]
 6 : [0.52 0.   0.47]
 7 : [0.57 0.75 0.35]
 8 : [0.74 0.67 0.53]
 9 : [1.   0.59 0.53]
10 : [0.17 0.37 0.18]
11 : [0.07 0.54 0.39]
12 : [0.66 0.19 0.34]
--------------------------

Epoch : 220
--------------------------
Node ----- Embedding -----

 0 : [0.07 0.75 0.5 ]
 1 : [0.22 0.34 0.64]
 2 : [0.46 0.61 0.77]
 3 : [0.44 0.59 0.74]
 4 : [0.44 0.83 0.49]
 5 : [0.28 0.24 0.45]
 6 : [0.53 0.   0.48]
 7 : [0.58 0.78 0.34]
 8 : [0.75 0.68 0.53]
 9 : [1.   0.61 0.52]
10 : [0.18 0.4  0.19]
11 : [0.1  0.54 0.39]
12 : [0.67 0.19 0.35]
--------------------------

Epoch : 230
--------------------------
Node ----- Embedding -----

 0 : [0.07 0.76 0.51]
 1 : [0.21 0.34 0.65]
 2 : [0.45 0.61 0.8 ]
 3 : [0.43 0.59 0.76]
 4 : [0.45 0.83 0.48]
 5 : [0.27 0.25 0.45]
 6 : [0.53 0.   0.49]
 7 : [0.59 0.8  0.32]
 8 : [0.76 0.69 0.52]
 9 : [1.   0.63 0.5 ]
10 : [0.18 0.42 0.19]
11 : [0.12 0.54 0.39]
12 : [0.68 0.19 0.36]
--------------------------

Epoch : 240
--------------------------
Node ----- Embedding -----

 0 : [0.08 0.75 0.52]
 1 : [0.2  0.33 0.66]
 2 : [0.44 0.6  0.82]
 3 : [0.43 0.59 0.78]
 4 : [0.46 0.82 0.46]
 5 : [0.26 0.26 0.46]
 6 : [0.53 0.   0.5 ]
 7 : [0.6  0.82 0.31]
 8 : [0.77 0.7  0.51]
 9 : [1.   0.65 0.48]
10 : [0.19 0.45 0.19]
11 : [0.14 0.52 0.38]
12 : [0.68 0.18 0.37]
--------------------------

Epoch : 250
--------------------------
Node ----- Embedding -----

 0 : [0.09 0.75 0.53]
 1 : [0.19 0.33 0.67]
 2 : [0.43 0.6  0.85]
 3 : [0.42 0.59 0.8 ]
 4 : [0.46 0.82 0.45]
 5 : [0.25 0.25 0.45]
 6 : [0.53 0.   0.5 ]
 7 : [0.6  0.84 0.29]
 8 : [0.77 0.71 0.5 ]
 9 : [1.   0.66 0.47]
10 : [0.19 0.47 0.2 ]
11 : [0.15 0.51 0.37]
12 : [0.69 0.17 0.38]
--------------------------

Epoch : 260
--------------------------
Node ----- Embedding -----

 0 : [0.09 0.75 0.54]
 1 : [0.18 0.33 0.68]
 2 : [0.43 0.6  0.87]
 3 : [0.41 0.6  0.82]
 4 : [0.47 0.82 0.44]
 5 : [0.25 0.25 0.46]
 6 : [0.53 0.   0.51]
 7 : [0.6  0.86 0.28]
 8 : [0.79 0.72 0.49]
 9 : [1.   0.67 0.46]
10 : [0.18 0.49 0.2 ]
11 : [0.17 0.51 0.37]
12 : [0.7  0.17 0.39]
--------------------------

Epoch : 270
--------------------------
Node ----- Embedding -----

 0 : [0.1  0.76 0.55]
 1 : [0.17 0.33 0.69]
 2 : [0.43 0.6  0.89]
 3 : [0.41 0.6  0.83]
 4 : [0.47 0.82 0.44]
 5 : [0.25 0.25 0.46]
 6 : [0.53 0.   0.52]
 7 : [0.6  0.87 0.27]
 8 : [0.79 0.73 0.49]
 9 : [1.   0.68 0.45]
10 : [0.18 0.51 0.2 ]
11 : [0.19 0.51 0.36]
12 : [0.7  0.17 0.4 ]
--------------------------

Epoch : 280
--------------------------
Node ----- Embedding -----

 0 : [0.1  0.77 0.56]
 1 : [0.18 0.33 0.7 ]
 2 : [0.43 0.61 0.91]
 3 : [0.41 0.6  0.85]
 4 : [0.48 0.83 0.43]
 5 : [0.25 0.26 0.46]
 6 : [0.53 0.   0.53]
 7 : [0.6  0.89 0.26]
 8 : [0.8  0.73 0.49]
 9 : [1.   0.69 0.44]
10 : [0.17 0.53 0.21]
11 : [0.2  0.51 0.35]
12 : [0.71 0.18 0.41]
--------------------------

Epoch : 290
--------------------------
Node ----- Embedding -----

 0 : [0.12 0.78 0.58]
 1 : [0.19 0.34 0.71]
 2 : [0.43 0.61 0.93]
 3 : [0.42 0.61 0.87]
 4 : [0.49 0.83 0.44]
 5 : [0.27 0.28 0.47]
 6 : [0.55 0.   0.54]
 7 : [0.61 0.91 0.26]
 8 : [0.82 0.75 0.49]
 9 : [1.   0.7  0.45]
10 : [0.18 0.54 0.22]
11 : [0.23 0.52 0.36]
12 : [0.72 0.19 0.43]
--------------------------

Epoch : 300
--------------------------
Node ----- Embedding -----

 0 : [0.13 0.79 0.59]
 1 : [0.2  0.35 0.73]
 2 : [0.44 0.62 0.94]
 3 : [0.42 0.61 0.89]
 4 : [0.49 0.83 0.45]
 5 : [0.27 0.3  0.48]
 6 : [0.56 0.   0.55]
 7 : [0.62 0.93 0.26]
 8 : [0.83 0.76 0.49]
 9 : [1.   0.71 0.45]
10 : [0.18 0.56 0.23]
11 : [0.25 0.52 0.36]
12 : [0.74 0.19 0.44]
--------------------------

Epoch : 310
--------------------------
Node ----- Embedding -----

 0 : [0.14 0.8  0.6 ]
 1 : [0.2  0.35 0.74]
 2 : [0.44 0.62 0.94]
 3 : [0.42 0.62 0.91]
 4 : [0.5  0.84 0.46]
 5 : [0.26 0.31 0.49]
 6 : [0.57 0.   0.56]
 7 : [0.62 0.95 0.26]
 8 : [0.85 0.77 0.49]
 9 : [1.   0.72 0.45]
10 : [0.18 0.57 0.23]
11 : [0.27 0.52 0.35]
12 : [0.75 0.19 0.45]
--------------------------

Epoch : 320
--------------------------
Node ----- Embedding -----

 0 : [0.14 0.81 0.62]
 1 : [0.2  0.35 0.75]
 2 : [0.45 0.63 0.95]
 3 : [0.43 0.62 0.93]
 4 : [0.51 0.84 0.47]
 5 : [0.26 0.32 0.49]
 6 : [0.58 0.   0.57]
 7 : [0.63 0.97 0.26]
 8 : [0.86 0.78 0.49]
 9 : [1.   0.74 0.45]
10 : [0.18 0.58 0.24]
11 : [0.29 0.53 0.35]
12 : [0.76 0.19 0.46]
--------------------------

Epoch : 330
--------------------------
Node ----- Embedding -----

 0 : [0.15 0.82 0.63]
 1 : [0.2  0.36 0.77]
 2 : [0.45 0.64 0.96]
 3 : [0.43 0.62 0.95]
 4 : [0.52 0.84 0.48]
 5 : [0.26 0.33 0.5 ]
 6 : [0.58 0.   0.58]
 7 : [0.63 0.98 0.26]
 8 : [0.87 0.78 0.49]
 9 : [1.   0.75 0.45]
10 : [0.18 0.59 0.24]
11 : [0.3  0.52 0.35]
12 : [0.77 0.19 0.47]
--------------------------

Epoch : 340
--------------------------
Node ----- Embedding -----

 0 : [0.14 0.84 0.65]
 1 : [0.19 0.36 0.77]
 2 : [0.45 0.64 0.98]
 3 : [0.43 0.63 0.95]
 4 : [0.52 0.85 0.49]
 5 : [0.26 0.33 0.5 ]
 6 : [0.58 0.   0.58]
 7 : [0.62 1.   0.26]
 8 : [0.89 0.78 0.49]
 9 : [1.   0.75 0.46]
10 : [0.18 0.6  0.24]
11 : [0.31 0.52 0.35]
12 : [0.78 0.19 0.48]
--------------------------

Epoch : 350
--------------------------
Node ----- Embedding -----

 0 : [0.14 0.84 0.65]
 1 : [0.19 0.35 0.77]
 2 : [0.44 0.64 0.98]
 3 : [0.43 0.62 0.95]
 4 : [0.52 0.85 0.48]
 5 : [0.26 0.33 0.5 ]
 6 : [0.57 0.   0.58]
 7 : [0.61 1.   0.25]
 8 : [0.89 0.78 0.48]
 9 : [0.99 0.75 0.46]
10 : [0.17 0.59 0.24]
11 : [0.32 0.52 0.34]
12 : [0.79 0.19 0.48]
--------------------------

Epoch : 360
--------------------------
Node ----- Embedding -----

 0 : [0.13 0.83 0.65]
 1 : [0.17 0.34 0.76]
 2 : [0.43 0.63 0.98]
 3 : [0.42 0.61 0.95]
 4 : [0.51 0.84 0.47]
 5 : [0.24 0.32 0.49]
 6 : [0.57 0.   0.57]
 7 : [0.61 1.   0.24]
 8 : [0.89 0.77 0.46]
 9 : [0.98 0.74 0.44]
10 : [0.15 0.58 0.23]
11 : [0.32 0.51 0.32]
12 : [0.78 0.18 0.48]
--------------------------

Epoch : 370
--------------------------
Node ----- Embedding -----

 0 : [0.12 0.83 0.66]
 1 : [0.16 0.34 0.77]
 2 : [0.43 0.63 0.99]
 3 : [0.42 0.61 0.96]
 4 : [0.51 0.84 0.48]
 5 : [0.23 0.31 0.48]
 6 : [0.57 0.   0.57]
 7 : [0.61 1.   0.24]
 8 : [0.89 0.77 0.46]
 9 : [0.98 0.75 0.43]
10 : [0.14 0.58 0.22]
11 : [0.32 0.5  0.32]
12 : [0.79 0.19 0.49]
--------------------------

Epoch : 380
--------------------------
Node ----- Embedding -----

 0 : [0.13 0.83 0.67]
 1 : [0.16 0.34 0.78]
 2 : [0.43 0.63 0.99]
 3 : [0.42 0.61 0.97]
 4 : [0.52 0.84 0.48]
 5 : [0.24 0.31 0.49]
 6 : [0.57 0.   0.58]
 7 : [0.62 1.   0.25]
 8 : [0.9  0.77 0.45]
 9 : [0.99 0.75 0.42]
10 : [0.15 0.58 0.23]
11 : [0.34 0.5  0.31]
12 : [0.8  0.19 0.5 ]
--------------------------

Epoch : 390
--------------------------
Node ----- Embedding -----

 0 : [0.13 0.84 0.67]
 1 : [0.16 0.35 0.78]
 2 : [0.43 0.62 0.97]
 3 : [0.42 0.6  0.96]
 4 : [0.51 0.84 0.49]
 5 : [0.24 0.32 0.49]
 6 : [0.57 0.   0.58]
 7 : [0.62 1.   0.26]
 8 : [0.91 0.78 0.45]
 9 : [0.99 0.75 0.42]
10 : [0.15 0.58 0.23]
11 : [0.35 0.5  0.31]
12 : [0.8  0.19 0.5 ]
--------------------------

Epoch : 400
--------------------------
Node ----- Embedding -----

 0 : [0.13 0.84 0.66]
 1 : [0.16 0.35 0.78]
 2 : [0.43 0.62 0.96]
 3 : [0.42 0.6  0.96]
 4 : [0.51 0.84 0.5 ]
 5 : [0.24 0.31 0.49]
 6 : [0.57 0.   0.58]
 7 : [0.61 1.   0.26]
 8 : [0.91 0.78 0.44]
 9 : [0.99 0.76 0.41]
10 : [0.14 0.58 0.22]
11 : [0.35 0.5  0.3 ]
12 : [0.8  0.18 0.51]
--------------------------

Epoch : 410
--------------------------
Node ----- Embedding -----

 0 : [0.13 0.83 0.66]
 1 : [0.17 0.35 0.78]
 2 : [0.43 0.61 0.96]
 3 : [0.42 0.6  0.96]
 4 : [0.51 0.84 0.5 ]
 5 : [0.23 0.31 0.49]
 6 : [0.56 0.   0.58]
 7 : [0.6  1.   0.26]
 8 : [0.91 0.78 0.43]
 9 : [0.98 0.75 0.4 ]
10 : [0.14 0.58 0.22]
11 : [0.36 0.5  0.29]
12 : [0.8  0.18 0.51]
--------------------------

Epoch : 420
--------------------------
Node ----- Embedding -----

 0 : [0.13 0.82 0.66]
 1 : [0.17 0.35 0.77]
 2 : [0.43 0.61 0.96]
 3 : [0.43 0.6  0.95]
 4 : [0.51 0.84 0.5 ]
 5 : [0.23 0.3  0.49]
 6 : [0.56 0.   0.57]
 7 : [0.6  1.   0.25]
 8 : [0.91 0.78 0.42]
 9 : [0.97 0.75 0.4 ]
10 : [0.15 0.59 0.23]
11 : [0.36 0.5  0.28]
12 : [0.79 0.18 0.51]
--------------------------

Epoch : 430
--------------------------
Node ----- Embedding -----

 0 : [0.13 0.82 0.66]
 1 : [0.16 0.34 0.76]
 2 : [0.42 0.6  0.95]
 3 : [0.42 0.6  0.94]
 4 : [0.5  0.84 0.49]
 5 : [0.22 0.29 0.48]
 6 : [0.55 0.   0.57]
 7 : [0.59 1.   0.25]
 8 : [0.9  0.77 0.42]
 9 : [0.96 0.74 0.4 ]
10 : [0.14 0.59 0.23]
11 : [0.37 0.49 0.28]
12 : [0.78 0.18 0.51]
--------------------------

Epoch : 440
--------------------------
Node ----- Embedding -----

 0 : [0.14 0.82 0.66]
 1 : [0.17 0.34 0.76]
 2 : [0.43 0.6  0.95]
 3 : [0.43 0.6  0.93]
 4 : [0.51 0.84 0.5 ]
 5 : [0.23 0.3  0.48]
 6 : [0.55 0.   0.57]
 7 : [0.58 1.   0.25]
 8 : [0.89 0.75 0.42]
 9 : [0.94 0.74 0.41]
10 : [0.15 0.59 0.23]
11 : [0.38 0.48 0.28]
12 : [0.78 0.18 0.51]
--------------------------

Epoch : 450
--------------------------
Node ----- Embedding -----

 0 : [0.14 0.81 0.66]
 1 : [0.17 0.34 0.76]
 2 : [0.43 0.61 0.95]
 3 : [0.43 0.6  0.94]
 4 : [0.51 0.84 0.51]
 5 : [0.23 0.31 0.49]
 6 : [0.55 0.   0.57]
 7 : [0.58 1.   0.26]
 8 : [0.9  0.75 0.43]
 9 : [0.93 0.74 0.42]
10 : [0.15 0.59 0.24]
11 : [0.39 0.48 0.29]
12 : [0.78 0.18 0.52]
--------------------------

Epoch : 460
--------------------------
Node ----- Embedding -----

 0 : [0.14 0.81 0.66]
 1 : [0.18 0.34 0.76]
 2 : [0.43 0.61 0.95]
 3 : [0.43 0.6  0.94]
 4 : [0.51 0.84 0.51]
 5 : [0.22 0.31 0.49]
 6 : [0.56 0.   0.57]
 7 : [0.57 1.   0.26]
 8 : [0.9  0.75 0.42]
 9 : [0.92 0.74 0.41]
10 : [0.14 0.6  0.24]
11 : [0.39 0.48 0.28]
12 : [0.78 0.18 0.52]
--------------------------

Epoch : 470
--------------------------
Node ----- Embedding -----

 0 : [0.13 0.81 0.66]
 1 : [0.18 0.34 0.75]
 2 : [0.42 0.61 0.95]
 3 : [0.42 0.6  0.93]
 4 : [0.51 0.83 0.51]
 5 : [0.21 0.31 0.48]
 6 : [0.55 0.   0.57]
 7 : [0.57 1.   0.25]
 8 : [0.89 0.74 0.42]
 9 : [0.92 0.74 0.4 ]
10 : [0.14 0.59 0.23]
11 : [0.39 0.48 0.27]
12 : [0.78 0.18 0.52]
--------------------------

Epoch : 480
--------------------------
Node ----- Embedding -----

 0 : [0.13 0.81 0.66]
 1 : [0.17 0.34 0.75]
 2 : [0.42 0.6  0.94]
 3 : [0.42 0.6  0.92]
 4 : [0.51 0.82 0.52]
 5 : [0.21 0.31 0.48]
 6 : [0.55 0.   0.56]
 7 : [0.57 1.   0.25]
 8 : [0.89 0.74 0.41]
 9 : [0.92 0.74 0.39]
10 : [0.13 0.59 0.23]
11 : [0.39 0.47 0.27]
12 : [0.78 0.18 0.52]
--------------------------

Epoch : 490
--------------------------
Node ----- Embedding -----

 0 : [0.13 0.81 0.66]
 1 : [0.17 0.34 0.75]
 2 : [0.42 0.6  0.94]
 3 : [0.42 0.6  0.92]
 4 : [0.5  0.81 0.52]
 5 : [0.2  0.31 0.48]
 6 : [0.55 0.   0.56]
 7 : [0.57 1.   0.25]
 8 : [0.89 0.73 0.4 ]
 9 : [0.91 0.74 0.39]
10 : [0.13 0.58 0.22]
11 : [0.4  0.47 0.27]
12 : [0.77 0.17 0.52]
--------------------------

Epoch : 500
--------------------------
Node ----- Embedding -----

 0 : [0.13 0.82 0.66]
 1 : [0.16 0.34 0.75]
 2 : [0.42 0.59 0.94]
 3 : [0.42 0.59 0.93]
 4 : [0.5  0.81 0.52]
 5 : [0.2  0.3  0.48]
 6 : [0.55 0.   0.55]
 7 : [0.57 1.   0.26]
 8 : [0.9  0.73 0.39]
 9 : [0.91 0.74 0.39]
10 : [0.13 0.57 0.22]
11 : [0.4  0.46 0.26]
12 : [0.78 0.16 0.52]
--------------------------

Epoch : 510
--------------------------
Node ----- Embedding -----

 0 : [0.13 0.82 0.66]
 1 : [0.16 0.34 0.74]
 2 : [0.42 0.59 0.93]
 3 : [0.42 0.59 0.93]
 4 : [0.5  0.81 0.52]
 5 : [0.21 0.3  0.48]
 6 : [0.55 0.   0.55]
 7 : [0.57 1.   0.26]
 8 : [0.89 0.73 0.39]
 9 : [0.89 0.74 0.39]
10 : [0.12 0.57 0.23]
11 : [0.4  0.46 0.27]
12 : [0.77 0.16 0.52]
--------------------------

Epoch : 520
--------------------------
Node ----- Embedding -----

 0 : [0.13 0.82 0.66]
 1 : [0.17 0.34 0.75]
 2 : [0.42 0.6  0.92]
 3 : [0.42 0.59 0.92]
 4 : [0.51 0.82 0.53]
 5 : [0.22 0.31 0.49]
 6 : [0.55 0.   0.56]
 7 : [0.58 1.   0.27]
 8 : [0.89 0.74 0.39]
 9 : [0.9  0.75 0.39]
10 : [0.13 0.58 0.23]
11 : [0.41 0.47 0.27]
12 : [0.78 0.17 0.53]
--------------------------

Epoch : 530
--------------------------
Node ----- Embedding -----

 0 : [0.13 0.83 0.67]
 1 : [0.17 0.34 0.76]
 2 : [0.43 0.6  0.93]
 3 : [0.43 0.59 0.93]
 4 : [0.51 0.83 0.52]
 5 : [0.22 0.32 0.49]
 6 : [0.55 0.   0.57]
 7 : [0.58 1.   0.27]
 8 : [0.9  0.74 0.4 ]
 9 : [0.9  0.75 0.39]
10 : [0.13 0.59 0.23]
11 : [0.41 0.47 0.27]
12 : [0.78 0.17 0.53]
--------------------------

Epoch : 540
--------------------------
Node ----- Embedding -----

 0 : [0.12 0.83 0.68]
 1 : [0.15 0.34 0.77]
 2 : [0.43 0.59 0.93]
 3 : [0.42 0.59 0.94]
 4 : [0.51 0.83 0.52]
 5 : [0.21 0.32 0.49]
 6 : [0.55 0.   0.58]
 7 : [0.58 1.   0.27]
 8 : [0.9  0.74 0.4 ]
 9 : [0.9  0.75 0.4 ]
10 : [0.12 0.59 0.22]
11 : [0.41 0.47 0.26]
12 : [0.79 0.16 0.54]
--------------------------

Epoch : 550
--------------------------
Node ----- Embedding -----

 0 : [0.12 0.82 0.67]
 1 : [0.14 0.33 0.76]
 2 : [0.43 0.59 0.92]
 3 : [0.42 0.59 0.93]
 4 : [0.51 0.83 0.52]
 5 : [0.2  0.32 0.48]
 6 : [0.54 0.   0.57]
 7 : [0.58 1.   0.26]
 8 : [0.9  0.73 0.39]
 9 : [0.9  0.75 0.39]
10 : [0.11 0.59 0.22]
11 : [0.41 0.47 0.25]
12 : [0.8  0.16 0.54]
--------------------------

Epoch : 560
--------------------------
Node ----- Embedding -----

 0 : [0.11 0.82 0.67]
 1 : [0.14 0.33 0.76]
 2 : [0.43 0.59 0.92]
 3 : [0.41 0.59 0.93]
 4 : [0.5  0.83 0.53]
 5 : [0.19 0.32 0.48]
 6 : [0.54 0.   0.57]
 7 : [0.58 1.   0.26]
 8 : [0.89 0.73 0.39]
 9 : [0.89 0.74 0.39]
10 : [0.11 0.58 0.21]
11 : [0.41 0.46 0.25]
12 : [0.8  0.15 0.53]
--------------------------

Epoch : 570
--------------------------
Node ----- Embedding -----

 0 : [0.12 0.82 0.66]
 1 : [0.15 0.33 0.76]
 2 : [0.43 0.59 0.92]
 3 : [0.42 0.58 0.92]
 4 : [0.5  0.82 0.53]
 5 : [0.19 0.31 0.48]
 6 : [0.54 0.   0.56]
 7 : [0.57 1.   0.26]
 8 : [0.89 0.74 0.38]
 9 : [0.89 0.74 0.39]
10 : [0.12 0.58 0.21]
11 : [0.41 0.46 0.24]
12 : [0.79 0.15 0.53]
--------------------------

Epoch : 580
--------------------------
Node ----- Embedding -----

 0 : [0.12 0.81 0.66]
 1 : [0.16 0.33 0.75]
 2 : [0.43 0.58 0.92]
 3 : [0.42 0.58 0.92]
 4 : [0.5  0.83 0.52]
 5 : [0.19 0.31 0.48]
 6 : [0.54 0.   0.55]
 7 : [0.57 1.   0.26]
 8 : [0.88 0.73 0.38]
 9 : [0.89 0.73 0.39]
10 : [0.13 0.57 0.21]
11 : [0.41 0.46 0.24]
12 : [0.78 0.16 0.53]
--------------------------

Epoch : 590
--------------------------
Node ----- Embedding -----

 0 : [0.13 0.82 0.66]
 1 : [0.16 0.34 0.75]
 2 : [0.43 0.58 0.91]
 3 : [0.42 0.58 0.91]
 4 : [0.49 0.83 0.52]
 5 : [0.19 0.31 0.49]
 6 : [0.54 0.   0.55]
 7 : [0.56 1.   0.27]
 8 : [0.88 0.73 0.38]
 9 : [0.89 0.73 0.38]
10 : [0.13 0.58 0.21]
11 : [0.42 0.46 0.25]
12 : [0.78 0.16 0.53]
--------------------------

Epoch : 600
--------------------------
Node ----- Embedding -----

 0 : [0.12 0.82 0.66]
 1 : [0.15 0.34 0.74]
 2 : [0.43 0.57 0.91]
 3 : [0.42 0.58 0.91]
 4 : [0.49 0.82 0.52]
 5 : [0.2  0.3  0.49]
 6 : [0.53 0.   0.56]
 7 : [0.56 1.   0.26]
 8 : [0.88 0.73 0.38]
 9 : [0.89 0.73 0.38]
10 : [0.12 0.58 0.21]
11 : [0.42 0.45 0.25]
12 : [0.78 0.16 0.53]
--------------------------

Epoch : 610
--------------------------
Node ----- Embedding -----

 0 : [0.12 0.81 0.66]
 1 : [0.15 0.34 0.74]
 2 : [0.42 0.57 0.91]
 3 : [0.41 0.58 0.91]
 4 : [0.49 0.82 0.51]
 5 : [0.19 0.29 0.48]
 6 : [0.52 0.   0.56]
 7 : [0.55 1.   0.25]
 8 : [0.87 0.72 0.38]
 9 : [0.89 0.72 0.38]
10 : [0.11 0.58 0.21]
11 : [0.42 0.45 0.24]
12 : [0.78 0.16 0.52]
--------------------------

Epoch : 620
--------------------------
Node ----- Embedding -----

 0 : [0.12 0.81 0.66]
 1 : [0.15 0.33 0.72]
 2 : [0.42 0.57 0.9 ]
 3 : [0.4  0.58 0.91]
 4 : [0.49 0.81 0.51]
 5 : [0.19 0.28 0.48]
 6 : [0.51 0.   0.56]
 7 : [0.55 1.   0.25]
 8 : [0.87 0.7  0.37]
 9 : [0.88 0.71 0.38]
10 : [0.1  0.57 0.2 ]
11 : [0.41 0.44 0.23]
12 : [0.78 0.15 0.51]
--------------------------

Epoch : 630
--------------------------
Node ----- Embedding -----

 0 : [0.12 0.82 0.66]
 1 : [0.14 0.33 0.72]
 2 : [0.42 0.57 0.9 ]
 3 : [0.41 0.58 0.91]
 4 : [0.49 0.81 0.53]
 5 : [0.19 0.28 0.48]
 6 : [0.52 0.   0.56]
 7 : [0.54 1.   0.26]
 8 : [0.87 0.7  0.37]
 9 : [0.88 0.72 0.39]
10 : [0.1  0.57 0.2 ]
11 : [0.42 0.45 0.23]
12 : [0.78 0.15 0.51]
--------------------------

Epoch : 640
--------------------------
Node ----- Embedding -----

 0 : [0.12 0.82 0.67]
 1 : [0.15 0.34 0.73]
 2 : [0.42 0.58 0.91]
 3 : [0.41 0.58 0.9 ]
 4 : [0.49 0.8  0.53]
 5 : [0.19 0.29 0.48]
 6 : [0.52 0.   0.57]
 7 : [0.54 1.   0.26]
 8 : [0.87 0.71 0.37]
 9 : [0.89 0.71 0.39]
10 : [0.1  0.57 0.2 ]
11 : [0.42 0.45 0.22]
12 : [0.78 0.15 0.52]
--------------------------

Epoch : 650
--------------------------
Node ----- Embedding -----

 0 : [0.12 0.82 0.68]
 1 : [0.15 0.34 0.74]
 2 : [0.42 0.58 0.91]
 3 : [0.41 0.58 0.91]
 4 : [0.5  0.81 0.53]
 5 : [0.19 0.3  0.48]
 6 : [0.53 0.   0.57]
 7 : [0.55 1.   0.26]
 8 : [0.88 0.72 0.37]
 9 : [0.89 0.72 0.39]
10 : [0.11 0.58 0.2 ]
11 : [0.43 0.45 0.22]
12 : [0.79 0.15 0.52]
--------------------------

Epoch : 660
--------------------------
Node ----- Embedding -----

 0 : [0.13 0.82 0.69]
 1 : [0.16 0.34 0.74]
 2 : [0.42 0.58 0.9 ]
 3 : [0.42 0.58 0.91]
 4 : [0.51 0.82 0.54]
 5 : [0.2  0.3  0.49]
 6 : [0.54 0.   0.58]
 7 : [0.56 1.   0.27]
 8 : [0.88 0.73 0.38]
 9 : [0.89 0.72 0.39]
10 : [0.12 0.58 0.21]
11 : [0.43 0.46 0.22]
12 : [0.8  0.16 0.53]
--------------------------

Epoch : 670
--------------------------
Node ----- Embedding -----

 0 : [0.13 0.82 0.69]
 1 : [0.16 0.34 0.74]
 2 : [0.42 0.59 0.9 ]
 3 : [0.42 0.59 0.9 ]
 4 : [0.51 0.82 0.54]
 5 : [0.2  0.3  0.49]
 6 : [0.53 0.   0.58]
 7 : [0.56 1.   0.27]
 8 : [0.88 0.74 0.37]
 9 : [0.88 0.72 0.39]
10 : [0.11 0.58 0.21]
11 : [0.43 0.46 0.23]
12 : [0.79 0.16 0.54]
--------------------------

Epoch : 680
--------------------------
Node ----- Embedding -----

 0 : [0.12 0.82 0.69]
 1 : [0.16 0.34 0.73]
 2 : [0.42 0.58 0.89]
 3 : [0.42 0.58 0.9 ]
 4 : [0.51 0.82 0.55]
 5 : [0.19 0.3  0.49]
 6 : [0.52 0.   0.58]
 7 : [0.57 1.   0.26]
 8 : [0.88 0.74 0.37]
 9 : [0.87 0.72 0.38]
10 : [0.1  0.58 0.2 ]
11 : [0.43 0.46 0.22]
12 : [0.79 0.16 0.54]
--------------------------

Epoch : 690
--------------------------
Node ----- Embedding -----

 0 : [0.12 0.82 0.69]
 1 : [0.16 0.33 0.74]
 2 : [0.42 0.58 0.89]
 3 : [0.42 0.59 0.89]
 4 : [0.51 0.82 0.55]
 5 : [0.19 0.31 0.5 ]
 6 : [0.52 0.   0.58]
 7 : [0.57 1.   0.27]
 8 : [0.88 0.73 0.37]
 9 : [0.87 0.72 0.38]
10 : [0.11 0.58 0.21]
11 : [0.43 0.46 0.22]
12 : [0.8  0.15 0.54]
--------------------------

Epoch : 700
--------------------------
Node ----- Embedding -----

 0 : [0.12 0.82 0.68]
 1 : [0.16 0.33 0.74]
 2 : [0.42 0.58 0.89]
 3 : [0.43 0.58 0.89]
 4 : [0.52 0.83 0.55]
 5 : [0.19 0.31 0.5 ]
 6 : [0.53 0.   0.58]
 7 : [0.56 1.   0.27]
 8 : [0.88 0.72 0.38]
 9 : [0.88 0.73 0.37]
10 : [0.11 0.58 0.21]
11 : [0.43 0.47 0.22]
12 : [0.8  0.15 0.55]
--------------------------

Epoch : 710
--------------------------
Node ----- Embedding -----

 0 : [0.12 0.83 0.68]
 1 : [0.15 0.33 0.74]
 2 : [0.42 0.57 0.91]
 3 : [0.42 0.58 0.89]
 4 : [0.51 0.84 0.53]
 5 : [0.19 0.32 0.5 ]
 6 : [0.53 0.   0.57]
 7 : [0.56 1.   0.27]
 8 : [0.88 0.72 0.38]
 9 : [0.88 0.73 0.37]
10 : [0.1  0.58 0.2 ]
11 : [0.43 0.46 0.22]
12 : [0.8  0.14 0.55]
--------------------------

Epoch : 720
--------------------------
Node ----- Embedding -----

 0 : [0.11 0.83 0.68]
 1 : [0.14 0.32 0.74]
 2 : [0.41 0.57 0.93]
 3 : [0.42 0.58 0.9 ]
 4 : [0.5  0.84 0.54]
 5 : [0.19 0.32 0.5 ]
 6 : [0.53 0.   0.57]
 7 : [0.56 1.   0.26]
 8 : [0.88 0.72 0.37]
 9 : [0.88 0.73 0.37]
10 : [0.09 0.58 0.19]
11 : [0.42 0.46 0.21]
12 : [0.8  0.14 0.54]
--------------------------

Epoch : 730
--------------------------
Node ----- Embedding -----

 0 : [0.11 0.84 0.69]
 1 : [0.13 0.33 0.75]
 2 : [0.42 0.58 0.94]
 3 : [0.42 0.58 0.9 ]
 4 : [0.5  0.84 0.54]
 5 : [0.19 0.32 0.51]
 6 : [0.53 0.   0.57]
 7 : [0.57 1.   0.27]
 8 : [0.89 0.72 0.38]
 9 : [0.88 0.74 0.37]
10 : [0.09 0.58 0.19]
11 : [0.43 0.46 0.2 ]
12 : [0.8  0.15 0.55]
--------------------------

Epoch : 740
--------------------------
Node ----- Embedding -----

 0 : [0.11 0.84 0.7 ]
 1 : [0.14 0.33 0.75]
 2 : [0.42 0.6  0.96]
 3 : [0.43 0.59 0.91]
 4 : [0.51 0.85 0.55]
 5 : [0.2  0.33 0.51]
 6 : [0.53 0.   0.58]
 7 : [0.57 1.   0.28]
 8 : [0.89 0.72 0.38]
 9 : [0.89 0.74 0.38]
10 : [0.1  0.59 0.2 ]
11 : [0.43 0.46 0.2 ]
12 : [0.81 0.16 0.55]
--------------------------

Epoch : 750
--------------------------
Node ----- Embedding -----

 0 : [0.12 0.85 0.7 ]
 1 : [0.15 0.34 0.74]
 2 : [0.43 0.61 0.96]
 3 : [0.43 0.59 0.91]
 4 : [0.51 0.85 0.55]
 5 : [0.2  0.33 0.52]
 6 : [0.53 0.   0.58]
 7 : [0.57 1.   0.29]
 8 : [0.89 0.72 0.39]
 9 : [0.9  0.75 0.38]
10 : [0.11 0.59 0.2 ]
11 : [0.44 0.46 0.21]
12 : [0.8  0.17 0.55]
--------------------------

Epoch : 760
--------------------------
Node ----- Embedding -----

 0 : [0.13 0.85 0.71]
 1 : [0.15 0.34 0.74]
 2 : [0.43 0.61 0.97]
 3 : [0.44 0.59 0.92]
 4 : [0.52 0.84 0.56]
 5 : [0.22 0.33 0.52]
 6 : [0.54 0.   0.6 ]
 7 : [0.57 1.   0.29]
 8 : [0.89 0.73 0.39]
 9 : [0.9  0.74 0.39]
10 : [0.12 0.59 0.21]
11 : [0.45 0.46 0.22]
12 : [0.8  0.17 0.55]
--------------------------

Epoch : 770
--------------------------
Node ----- Embedding -----

 0 : [0.13 0.86 0.71]
 1 : [0.15 0.33 0.75]
 2 : [0.43 0.61 0.97]
 3 : [0.44 0.59 0.91]
 4 : [0.52 0.84 0.57]
 5 : [0.22 0.32 0.52]
 6 : [0.53 0.   0.6 ]
 7 : [0.57 1.   0.29]
 8 : [0.89 0.73 0.39]
 9 : [0.9  0.75 0.38]
10 : [0.12 0.59 0.21]
11 : [0.44 0.46 0.21]
12 : [0.8  0.18 0.55]
--------------------------

Epoch : 780
--------------------------
Node ----- Embedding -----

 0 : [0.13 0.85 0.7 ]
 1 : [0.16 0.34 0.74]
 2 : [0.42 0.6  0.97]
 3 : [0.44 0.58 0.9 ]
 4 : [0.52 0.84 0.56]
 5 : [0.22 0.32 0.51]
 6 : [0.53 0.   0.6 ]
 7 : [0.56 1.   0.29]
 8 : [0.89 0.73 0.38]
 9 : [0.9  0.74 0.38]
10 : [0.13 0.59 0.21]
11 : [0.44 0.45 0.21]
12 : [0.8  0.17 0.55]
--------------------------

Epoch : 790
--------------------------
Node ----- Embedding -----

 0 : [0.13 0.84 0.7 ]
 1 : [0.17 0.34 0.74]
 2 : [0.42 0.59 0.95]
 3 : [0.43 0.58 0.91]
 4 : [0.52 0.85 0.55]
 5 : [0.22 0.33 0.5 ]
 6 : [0.52 0.   0.59]
 7 : [0.56 1.   0.28]
 8 : [0.88 0.73 0.38]
 9 : [0.9  0.74 0.38]
10 : [0.13 0.58 0.21]
11 : [0.44 0.45 0.2 ]
12 : [0.79 0.17 0.55]
--------------------------

Epoch : 800
--------------------------
Node ----- Embedding -----

 0 : [0.12 0.83 0.69]
 1 : [0.16 0.33 0.74]
 2 : [0.42 0.57 0.94]
 3 : [0.42 0.58 0.91]
 4 : [0.51 0.84 0.54]
 5 : [0.2  0.32 0.5 ]
 6 : [0.52 0.   0.59]
 7 : [0.56 1.   0.27]
 8 : [0.88 0.72 0.37]
 9 : [0.89 0.74 0.37]
10 : [0.11 0.58 0.2 ]
11 : [0.43 0.44 0.19]
12 : [0.78 0.17 0.54]
--------------------------

Epoch : 810
--------------------------
Node ----- Embedding -----

 0 : [0.12 0.83 0.69]
 1 : [0.15 0.33 0.75]
 2 : [0.42 0.58 0.93]
 3 : [0.42 0.58 0.91]
 4 : [0.51 0.84 0.55]
 5 : [0.19 0.32 0.49]
 6 : [0.53 0.   0.59]
 7 : [0.56 1.   0.28]
 8 : [0.89 0.73 0.37]
 9 : [0.89 0.75 0.37]
10 : [0.11 0.57 0.2 ]
11 : [0.44 0.44 0.2 ]
12 : [0.78 0.17 0.54]
--------------------------

Epoch : 820
--------------------------
Node ----- Embedding -----

 0 : [0.12 0.84 0.7 ]
 1 : [0.15 0.34 0.76]
 2 : [0.43 0.58 0.94]
 3 : [0.43 0.6  0.92]
 4 : [0.52 0.84 0.57]
 5 : [0.19 0.32 0.49]
 6 : [0.53 0.   0.6 ]
 7 : [0.57 1.   0.29]
 8 : [0.9  0.74 0.38]
 9 : [0.9  0.76 0.38]
10 : [0.11 0.58 0.21]
11 : [0.44 0.45 0.2 ]
12 : [0.79 0.17 0.55]
--------------------------

Epoch : 830
--------------------------
Node ----- Embedding -----

 0 : [0.12 0.83 0.7 ]
 1 : [0.15 0.34 0.76]
 2 : [0.43 0.58 0.93]
 3 : [0.43 0.6  0.91]
 4 : [0.53 0.84 0.56]
 5 : [0.17 0.31 0.49]
 6 : [0.51 0.   0.59]
 7 : [0.57 1.   0.29]
 8 : [0.9  0.74 0.38]
 9 : [0.9  0.76 0.38]
10 : [0.11 0.57 0.21]
11 : [0.44 0.45 0.19]
12 : [0.8  0.17 0.55]
--------------------------

Epoch : 840
--------------------------
Node ----- Embedding -----

 0 : [0.11 0.83 0.69]
 1 : [0.15 0.34 0.75]
 2 : [0.43 0.58 0.91]
 3 : [0.42 0.59 0.91]
 4 : [0.53 0.84 0.55]
 5 : [0.16 0.3  0.49]
 6 : [0.51 0.   0.57]
 7 : [0.57 1.   0.28]
 8 : [0.9  0.74 0.37]
 9 : [0.9  0.75 0.38]
10 : [0.1  0.57 0.2 ]
11 : [0.44 0.44 0.19]
12 : [0.8  0.17 0.55]
--------------------------

Epoch : 850
--------------------------
Node ----- Embedding -----

 0 : [0.12 0.83 0.69]
 1 : [0.16 0.34 0.75]
 2 : [0.43 0.58 0.91]
 3 : [0.42 0.59 0.9 ]
 4 : [0.52 0.83 0.55]
 5 : [0.16 0.29 0.48]
 6 : [0.51 0.   0.57]
 7 : [0.56 1.   0.27]
 8 : [0.89 0.74 0.37]
 9 : [0.89 0.75 0.37]
10 : [0.11 0.58 0.2 ]
11 : [0.44 0.44 0.2 ]
12 : [0.8  0.16 0.55]
--------------------------

Epoch : 860
--------------------------
Node ----- Embedding -----

 0 : [0.11 0.83 0.68]
 1 : [0.16 0.34 0.75]
 2 : [0.42 0.57 0.91]
 3 : [0.42 0.58 0.91]
 4 : [0.52 0.82 0.56]
 5 : [0.16 0.29 0.48]
 6 : [0.53 0.   0.56]
 7 : [0.54 1.   0.27]
 8 : [0.89 0.73 0.37]
 9 : [0.9  0.74 0.37]
10 : [0.1  0.58 0.19]
11 : [0.43 0.44 0.2 ]
12 : [0.79 0.16 0.55]
--------------------------

Epoch : 870
--------------------------
Node ----- Embedding -----

 0 : [0.12 0.83 0.68]
 1 : [0.16 0.34 0.75]
 2 : [0.42 0.57 0.92]
 3 : [0.42 0.58 0.91]
 4 : [0.52 0.81 0.55]
 5 : [0.18 0.3  0.49]
 6 : [0.54 0.   0.57]
 7 : [0.55 1.   0.27]
 8 : [0.89 0.73 0.37]
 9 : [0.9  0.74 0.36]
10 : [0.1  0.58 0.19]
11 : [0.44 0.45 0.21]
12 : [0.79 0.15 0.55]
--------------------------

Epoch : 880
--------------------------
Node ----- Embedding -----

 0 : [0.12 0.82 0.69]
 1 : [0.15 0.34 0.74]
 2 : [0.42 0.56 0.93]
 3 : [0.42 0.58 0.91]
 4 : [0.52 0.81 0.55]
 5 : [0.18 0.3  0.49]
 6 : [0.53 0.   0.58]
 7 : [0.56 1.   0.26]
 8 : [0.89 0.73 0.37]
 9 : [0.9  0.75 0.35]
10 : [0.09 0.57 0.19]
11 : [0.44 0.45 0.2 ]
12 : [0.79 0.15 0.55]
--------------------------

Epoch : 890
--------------------------
Node ----- Embedding -----

 0 : [0.12 0.81 0.69]
 1 : [0.15 0.33 0.74]
 2 : [0.42 0.57 0.92]
 3 : [0.42 0.57 0.9 ]
 4 : [0.52 0.81 0.54]
 5 : [0.18 0.3  0.49]
 6 : [0.53 0.   0.58]
 7 : [0.56 1.   0.26]
 8 : [0.89 0.73 0.37]
 9 : [0.89 0.75 0.35]
10 : [0.09 0.56 0.18]
11 : [0.43 0.45 0.2 ]
12 : [0.79 0.15 0.54]
--------------------------

Epoch : 900
--------------------------
Node ----- Embedding -----

 0 : [0.12 0.82 0.69]
 1 : [0.15 0.34 0.75]
 2 : [0.42 0.58 0.93]
 3 : [0.42 0.57 0.9 ]
 4 : [0.51 0.83 0.55]
 5 : [0.18 0.31 0.5 ]
 6 : [0.53 0.   0.59]
 7 : [0.57 1.   0.28]
 8 : [0.89 0.74 0.37]
 9 : [0.89 0.75 0.36]
10 : [0.09 0.57 0.18]
11 : [0.43 0.45 0.2 ]
12 : [0.79 0.15 0.55]
--------------------------

Epoch : 910
--------------------------
Node ----- Embedding -----

 0 : [0.13 0.82 0.7 ]
 1 : [0.16 0.35 0.75]
 2 : [0.42 0.58 0.94]
 3 : [0.42 0.57 0.91]
 4 : [0.51 0.84 0.56]
 5 : [0.2  0.32 0.51]
 6 : [0.54 0.   0.59]
 7 : [0.57 1.   0.29]
 8 : [0.89 0.73 0.38]
 9 : [0.89 0.75 0.37]
10 : [0.1  0.58 0.17]
11 : [0.43 0.45 0.21]
12 : [0.79 0.16 0.55]
--------------------------

Epoch : 920
--------------------------
Node ----- Embedding -----

 0 : [0.14 0.82 0.7 ]
 1 : [0.17 0.36 0.75]
 2 : [0.42 0.58 0.94]
 3 : [0.42 0.58 0.91]
 4 : [0.51 0.85 0.55]
 5 : [0.21 0.33 0.51]
 6 : [0.54 0.   0.58]
 7 : [0.56 1.   0.29]
 8 : [0.89 0.72 0.38]
 9 : [0.88 0.74 0.38]
10 : [0.11 0.58 0.17]
11 : [0.43 0.45 0.22]
12 : [0.79 0.16 0.55]
--------------------------

Epoch : 930
--------------------------
Node ----- Embedding -----

 0 : [0.14 0.81 0.69]
 1 : [0.17 0.36 0.75]
 2 : [0.43 0.58 0.93]
 3 : [0.43 0.58 0.9 ]
 4 : [0.5  0.86 0.54]
 5 : [0.21 0.34 0.51]
 6 : [0.55 0.   0.58]
 7 : [0.56 1.   0.29]
 8 : [0.89 0.72 0.38]
 9 : [0.87 0.74 0.38]
10 : [0.11 0.59 0.18]
11 : [0.43 0.45 0.22]
12 : [0.79 0.16 0.55]
--------------------------

Epoch : 940
--------------------------
Node ----- Embedding -----

 0 : [0.13 0.82 0.69]
 1 : [0.17 0.36 0.74]
 2 : [0.43 0.58 0.93]
 3 : [0.43 0.58 0.89]
 4 : [0.5  0.85 0.55]
 5 : [0.2  0.33 0.5 ]
 6 : [0.55 0.   0.58]
 7 : [0.57 1.   0.28]
 8 : [0.89 0.73 0.38]
 9 : [0.87 0.75 0.38]
10 : [0.11 0.59 0.19]
11 : [0.44 0.44 0.23]
12 : [0.8  0.16 0.55]
--------------------------

Epoch : 950
--------------------------
Node ----- Embedding -----

 0 : [0.14 0.82 0.69]
 1 : [0.17 0.35 0.74]
 2 : [0.42 0.58 0.93]
 3 : [0.43 0.59 0.91]
 4 : [0.5  0.85 0.54]
 5 : [0.2  0.32 0.49]
 6 : [0.54 0.   0.58]
 7 : [0.57 1.   0.28]
 8 : [0.9  0.73 0.38]
 9 : [0.88 0.75 0.38]
10 : [0.1  0.58 0.19]
11 : [0.43 0.45 0.22]
12 : [0.8  0.16 0.55]
--------------------------

Epoch : 960
--------------------------
Node ----- Embedding -----

 0 : [0.13 0.82 0.69]
 1 : [0.16 0.35 0.73]
 2 : [0.42 0.57 0.93]
 3 : [0.43 0.59 0.9 ]
 4 : [0.5  0.83 0.54]
 5 : [0.19 0.31 0.48]
 6 : [0.53 0.   0.58]
 7 : [0.56 1.   0.27]
 8 : [0.89 0.74 0.37]
 9 : [0.87 0.74 0.37]
10 : [0.1  0.58 0.19]
11 : [0.43 0.44 0.21]
12 : [0.8  0.16 0.55]
--------------------------

Epoch : 970
--------------------------
Node ----- Embedding -----

 0 : [0.13 0.83 0.69]
 1 : [0.16 0.35 0.73]
 2 : [0.42 0.58 0.93]
 3 : [0.43 0.59 0.91]
 4 : [0.51 0.83 0.54]
 5 : [0.2  0.3  0.48]
 6 : [0.53 0.   0.58]
 7 : [0.56 1.   0.28]
 8 : [0.9  0.75 0.37]
 9 : [0.88 0.73 0.38]
10 : [0.1  0.59 0.19]
11 : [0.43 0.45 0.21]
12 : [0.81 0.15 0.55]
--------------------------

Epoch : 980
--------------------------
Node ----- Embedding -----

 0 : [0.12 0.83 0.7 ]
 1 : [0.17 0.35 0.74]
 2 : [0.42 0.59 0.93]
 3 : [0.42 0.59 0.93]
 4 : [0.51 0.83 0.54]
 5 : [0.2  0.3  0.48]
 6 : [0.52 0.   0.58]
 7 : [0.55 1.   0.28]
 8 : [0.9  0.75 0.36]
 9 : [0.89 0.73 0.38]
10 : [0.1  0.59 0.19]
11 : [0.43 0.45 0.21]
12 : [0.8  0.16 0.55]
--------------------------

Epoch : 990
--------------------------
Node ----- Embedding -----

 0 : [0.12 0.83 0.69]
 1 : [0.17 0.35 0.75]
 2 : [0.42 0.59 0.94]
 3 : [0.42 0.59 0.93]
 4 : [0.51 0.83 0.54]
 5 : [0.21 0.31 0.48]
 6 : [0.52 0.   0.59]
 7 : [0.55 1.   0.28]
 8 : [0.9  0.75 0.36]
 9 : [0.9  0.73 0.37]
10 : [0.1  0.59 0.2 ]
11 : [0.43 0.45 0.21]
12 : [0.79 0.17 0.55]
--------------------------

Epoch : 1000
--------------------------
Node ----- Embedding -----

 0 : [0.11 0.82 0.68]
 1 : [0.17 0.34 0.74]
 2 : [0.41 0.58 0.94]
 3 : [0.42 0.58 0.93]
 4 : [0.51 0.83 0.53]
 5 : [0.2  0.31 0.48]
 6 : [0.52 0.   0.58]
 7 : [0.55 1.   0.27]
 8 : [0.9  0.74 0.36]
 9 : [0.89 0.74 0.36]
10 : [0.11 0.59 0.2 ]
11 : [0.43 0.44 0.21]
12 : [0.78 0.16 0.54]
--------------------------

Epoch : 1010
--------------------------
Node ----- Embedding -----

 0 : [0.11 0.81 0.68]
 1 : [0.16 0.34 0.74]
 2 : [0.42 0.58 0.93]
 3 : [0.42 0.58 0.92]
 4 : [0.51 0.83 0.53]
 5 : [0.19 0.3  0.47]
 6 : [0.52 0.   0.57]
 7 : [0.55 1.   0.27]
 8 : [0.9  0.73 0.36]
 9 : [0.89 0.74 0.36]
10 : [0.11 0.58 0.2 ]
11 : [0.42 0.43 0.2 ]
12 : [0.78 0.16 0.54]
--------------------------

Epoch : 1020
--------------------------
Node ----- Embedding -----

 0 : [0.11 0.81 0.68]
 1 : [0.15 0.33 0.74]
 2 : [0.42 0.57 0.93]
 3 : [0.42 0.58 0.92]
 4 : [0.51 0.83 0.53]
 5 : [0.18 0.29 0.47]
 6 : [0.52 0.   0.57]
 7 : [0.55 1.   0.26]
 8 : [0.89 0.72 0.37]
 9 : [0.89 0.74 0.35]
10 : [0.1  0.58 0.19]
11 : [0.42 0.43 0.2 ]
12 : [0.77 0.16 0.53]
--------------------------

Epoch : 1030
--------------------------
Node ----- Embedding -----

 0 : [0.11 0.81 0.67]
 1 : [0.15 0.32 0.74]
 2 : [0.42 0.57 0.92]
 3 : [0.42 0.58 0.92]
 4 : [0.5  0.83 0.52]
 5 : [0.17 0.29 0.47]
 6 : [0.52 0.   0.57]
 7 : [0.54 1.   0.26]
 8 : [0.89 0.71 0.37]
 9 : [0.89 0.74 0.36]
10 : [0.1  0.58 0.18]
11 : [0.42 0.43 0.21]
12 : [0.77 0.16 0.53]
--------------------------

Epoch : 1040
--------------------------
Node ----- Embedding -----

 0 : [0.11 0.81 0.67]
 1 : [0.15 0.32 0.74]
 2 : [0.42 0.57 0.92]
 3 : [0.42 0.57 0.92]
 4 : [0.5  0.83 0.52]
 5 : [0.16 0.29 0.47]
 6 : [0.52 0.   0.56]
 7 : [0.54 1.   0.25]
 8 : [0.89 0.7  0.37]
 9 : [0.88 0.73 0.37]
10 : [0.1  0.57 0.18]
11 : [0.42 0.43 0.2 ]
12 : [0.78 0.15 0.52]
--------------------------

Epoch : 1050
--------------------------
Node ----- Embedding -----

 0 : [0.11 0.8  0.66]
 1 : [0.14 0.32 0.74]
 2 : [0.42 0.56 0.92]
 3 : [0.41 0.57 0.92]
 4 : [0.5  0.82 0.52]
 5 : [0.16 0.28 0.47]
 6 : [0.52 0.   0.56]
 7 : [0.53 1.   0.24]
 8 : [0.88 0.7  0.36]
 9 : [0.88 0.73 0.36]
10 : [0.1  0.57 0.17]
11 : [0.42 0.44 0.2 ]
12 : [0.77 0.14 0.52]
--------------------------

Epoch : 1060
--------------------------
Node ----- Embedding -----

 0 : [0.1  0.8  0.66]
 1 : [0.13 0.31 0.74]
 2 : [0.42 0.55 0.92]
 3 : [0.41 0.57 0.93]
 4 : [0.5  0.81 0.52]
 5 : [0.15 0.28 0.47]
 6 : [0.52 0.   0.56]
 7 : [0.53 1.   0.24]
 8 : [0.88 0.7  0.36]
 9 : [0.89 0.73 0.36]
10 : [0.09 0.56 0.17]
11 : [0.42 0.43 0.2 ]
12 : [0.77 0.13 0.51]
--------------------------

Epoch : 1070
--------------------------
Node ----- Embedding -----

 0 : [0.11 0.8  0.67]
 1 : [0.13 0.32 0.74]
 2 : [0.43 0.56 0.91]
 3 : [0.41 0.57 0.94]
 4 : [0.51 0.81 0.52]
 5 : [0.15 0.28 0.48]
 6 : [0.51 0.   0.56]
 7 : [0.54 1.   0.24]
 8 : [0.88 0.71 0.37]
 9 : [0.89 0.73 0.36]
10 : [0.09 0.56 0.18]
11 : [0.43 0.44 0.21]
12 : [0.78 0.13 0.52]
--------------------------

Epoch : 1080
--------------------------
Node ----- Embedding -----

 0 : [0.11 0.8  0.67]
 1 : [0.14 0.32 0.73]
 2 : [0.43 0.56 0.9 ]
 3 : [0.42 0.58 0.93]
 4 : [0.51 0.82 0.51]
 5 : [0.16 0.28 0.47]
 6 : [0.49 0.   0.56]
 7 : [0.55 1.   0.24]
 8 : [0.88 0.71 0.38]
 9 : [0.88 0.73 0.37]
10 : [0.09 0.56 0.18]
11 : [0.43 0.44 0.22]
12 : [0.78 0.14 0.52]
--------------------------

Epoch : 1090
--------------------------
Node ----- Embedding -----

 0 : [0.12 0.79 0.67]
 1 : [0.14 0.32 0.72]
 2 : [0.43 0.56 0.89]
 3 : [0.42 0.58 0.92]
 4 : [0.51 0.82 0.5 ]
 5 : [0.17 0.28 0.47]
 6 : [0.49 0.   0.57]
 7 : [0.54 1.   0.23]
 8 : [0.87 0.71 0.38]
 9 : [0.87 0.72 0.38]
10 : [0.1  0.57 0.19]
11 : [0.43 0.45 0.23]
12 : [0.78 0.14 0.53]
--------------------------

Epoch : 1100
--------------------------
Node ----- Embedding -----

 0 : [0.12 0.79 0.67]
 1 : [0.15 0.32 0.73]
 2 : [0.44 0.56 0.9 ]
 3 : [0.43 0.58 0.91]
 4 : [0.51 0.82 0.5 ]
 5 : [0.18 0.3  0.48]
 6 : [0.5  0.   0.57]
 7 : [0.55 1.   0.24]
 8 : [0.87 0.71 0.39]
 9 : [0.86 0.72 0.39]
10 : [0.11 0.57 0.2 ]
11 : [0.44 0.46 0.24]
12 : [0.78 0.14 0.53]
--------------------------

Epoch : 1110
--------------------------
Node ----- Embedding -----

 0 : [0.13 0.8  0.67]
 1 : [0.16 0.33 0.73]
 2 : [0.44 0.57 0.91]
 3 : [0.43 0.59 0.92]
 4 : [0.51 0.82 0.52]
 5 : [0.19 0.3  0.49]
 6 : [0.52 0.   0.58]
 7 : [0.55 1.   0.26]
 8 : [0.88 0.72 0.4 ]
 9 : [0.86 0.72 0.4 ]
10 : [0.12 0.57 0.21]
11 : [0.44 0.47 0.24]
12 : [0.79 0.14 0.54]
--------------------------

Epoch : 1120
--------------------------
Node ----- Embedding -----

 0 : [0.13 0.8  0.67]
 1 : [0.16 0.33 0.74]
 2 : [0.44 0.58 0.91]
 3 : [0.43 0.59 0.92]
 4 : [0.51 0.82 0.52]
 5 : [0.18 0.31 0.48]
 6 : [0.52 0.   0.57]
 7 : [0.56 1.   0.27]
 8 : [0.88 0.71 0.4 ]
 9 : [0.86 0.72 0.4 ]
10 : [0.12 0.57 0.21]
11 : [0.44 0.47 0.24]
12 : [0.79 0.14 0.54]
--------------------------

Epoch : 1130
--------------------------
Node ----- Embedding -----

 0 : [0.14 0.82 0.68]
 1 : [0.15 0.34 0.74]
 2 : [0.44 0.6  0.92]
 3 : [0.43 0.6  0.92]
 4 : [0.52 0.82 0.54]
 5 : [0.19 0.31 0.48]
 6 : [0.52 0.   0.57]
 7 : [0.56 1.   0.27]
 8 : [0.88 0.72 0.4 ]
 9 : [0.87 0.74 0.4 ]
10 : [0.12 0.57 0.22]
11 : [0.44 0.47 0.23]
12 : [0.8  0.16 0.54]
--------------------------

Epoch : 1140
--------------------------
Node ----- Embedding -----

 0 : [0.13 0.83 0.67]
 1 : [0.14 0.34 0.75]
 2 : [0.43 0.59 0.93]
 3 : [0.42 0.59 0.94]
 4 : [0.51 0.81 0.54]
 5 : [0.19 0.31 0.47]
 6 : [0.51 0.   0.56]
 7 : [0.55 1.   0.26]
 8 : [0.88 0.72 0.39]
 9 : [0.87 0.74 0.39]
10 : [0.11 0.57 0.21]
11 : [0.43 0.46 0.21]
12 : [0.8  0.17 0.53]
--------------------------

Epoch : 1150
--------------------------
Node ----- Embedding -----

 0 : [0.13 0.84 0.67]
 1 : [0.14 0.33 0.76]
 2 : [0.43 0.59 0.93]
 3 : [0.43 0.58 0.95]
 4 : [0.51 0.81 0.53]
 5 : [0.2  0.31 0.47]
 6 : [0.5  0.   0.57]
 7 : [0.55 1.   0.26]
 8 : [0.88 0.73 0.39]
 9 : [0.88 0.74 0.39]
10 : [0.11 0.58 0.2 ]
11 : [0.43 0.45 0.21]
12 : [0.8  0.18 0.53]
--------------------------

Epoch : 1160
--------------------------
Node ----- Embedding -----

 0 : [0.13 0.83 0.67]
 1 : [0.14 0.33 0.75]
 2 : [0.43 0.59 0.92]
 3 : [0.43 0.58 0.94]
 4 : [0.51 0.81 0.52]
 5 : [0.19 0.32 0.47]
 6 : [0.51 0.   0.56]
 7 : [0.55 1.   0.26]
 8 : [0.88 0.73 0.38]
 9 : [0.88 0.74 0.39]
10 : [0.11 0.58 0.2 ]
11 : [0.43 0.45 0.21]
12 : [0.79 0.17 0.53]
--------------------------

Epoch : 1170
--------------------------
Node ----- Embedding -----

 0 : [0.13 0.81 0.66]
 1 : [0.13 0.33 0.75]
 2 : [0.43 0.58 0.92]
 3 : [0.44 0.58 0.94]
 4 : [0.51 0.81 0.52]
 5 : [0.18 0.32 0.48]
 6 : [0.52 0.   0.56]
 7 : [0.56 1.   0.26]
 8 : [0.88 0.73 0.38]
 9 : [0.88 0.74 0.4 ]
10 : [0.11 0.57 0.2 ]
11 : [0.44 0.44 0.22]
12 : [0.79 0.17 0.54]
--------------------------

Epoch : 1180
--------------------------
Node ----- Embedding -----

 0 : [0.14 0.8  0.66]
 1 : [0.15 0.33 0.74]
 2 : [0.44 0.58 0.92]
 3 : [0.45 0.59 0.93]
 4 : [0.51 0.82 0.52]
 5 : [0.19 0.32 0.49]
 6 : [0.52 0.   0.56]
 7 : [0.57 1.   0.27]
 8 : [0.88 0.74 0.38]
 9 : [0.89 0.75 0.39]
10 : [0.12 0.58 0.21]
11 : [0.44 0.45 0.24]
12 : [0.78 0.17 0.55]
--------------------------

Epoch : 1190
--------------------------
Node ----- Embedding -----

 0 : [0.14 0.8  0.67]
 1 : [0.16 0.34 0.73]
 2 : [0.44 0.58 0.93]
 3 : [0.45 0.6  0.94]
 4 : [0.52 0.82 0.51]
 5 : [0.2  0.32 0.49]
 6 : [0.52 0.   0.56]
 7 : [0.57 1.   0.27]
 8 : [0.88 0.74 0.38]
 9 : [0.9  0.75 0.38]
10 : [0.12 0.58 0.2 ]
11 : [0.44 0.45 0.23]
12 : [0.78 0.16 0.55]
--------------------------

Epoch : 1200
--------------------------
Node ----- Embedding -----

 0 : [0.12 0.8  0.67]
 1 : [0.16 0.34 0.74]
 2 : [0.43 0.58 0.94]
 3 : [0.44 0.59 0.95]
 4 : [0.51 0.81 0.5 ]
 5 : [0.19 0.32 0.48]
 6 : [0.52 0.   0.55]
 7 : [0.56 1.   0.27]
 8 : [0.88 0.73 0.37]
 9 : [0.9  0.74 0.38]
10 : [0.1  0.58 0.19]
11 : [0.43 0.44 0.22]
12 : [0.79 0.15 0.54]
--------------------------

Epoch : 1210
--------------------------
Node ----- Embedding -----

 0 : [0.11 0.79 0.66]
 1 : [0.16 0.33 0.74]
 2 : [0.42 0.58 0.93]
 3 : [0.43 0.58 0.93]
 4 : [0.5 0.8 0.5]
 5 : [0.19 0.32 0.46]
 6 : [0.52 0.   0.55]
 7 : [0.56 1.   0.26]
 8 : [0.88 0.73 0.37]
 9 : [0.88 0.73 0.38]
10 : [0.09 0.58 0.19]
11 : [0.42 0.43 0.21]
12 : [0.79 0.14 0.53]
--------------------------

Epoch : 1220
--------------------------
Node ----- Embedding -----

 0 : [0.11 0.79 0.65]
 1 : [0.17 0.32 0.73]
 2 : [0.41 0.57 0.91]
 3 : [0.42 0.57 0.91]
 4 : [0.49 0.79 0.49]
 5 : [0.18 0.31 0.46]
 6 : [0.5  0.   0.54]
 7 : [0.55 1.   0.25]
 8 : [0.87 0.72 0.36]
 9 : [0.86 0.73 0.37]
10 : [0.1  0.57 0.18]
11 : [0.42 0.42 0.21]
12 : [0.78 0.13 0.53]
--------------------------

Epoch : 1230
--------------------------
Node ----- Embedding -----

 0 : [0.11 0.8  0.65]
 1 : [0.17 0.32 0.73]
 2 : [0.4  0.57 0.91]
 3 : [0.42 0.56 0.9 ]
 4 : [0.48 0.79 0.5 ]
 5 : [0.17 0.31 0.45]
 6 : [0.49 0.   0.56]
 7 : [0.55 1.   0.25]
 8 : [0.87 0.72 0.36]
 9 : [0.86 0.73 0.36]
10 : [0.1  0.56 0.18]
11 : [0.42 0.42 0.21]
12 : [0.78 0.13 0.52]
--------------------------

Epoch : 1240
--------------------------
Node ----- Embedding -----

 0 : [0.12 0.81 0.66]
 1 : [0.16 0.32 0.73]
 2 : [0.41 0.56 0.92]
 3 : [0.42 0.56 0.9 ]
 4 : [0.48 0.8  0.52]
 5 : [0.18 0.31 0.46]
 6 : [0.5  0.   0.57]
 7 : [0.55 1.   0.26]
 8 : [0.88 0.72 0.37]
 9 : [0.87 0.73 0.36]
10 : [0.1  0.55 0.19]
11 : [0.42 0.42 0.22]
12 : [0.78 0.13 0.52]
--------------------------

Epoch : 1250
--------------------------
Node ----- Embedding -----

 0 : [0.13 0.82 0.66]
 1 : [0.16 0.34 0.73]
 2 : [0.41 0.57 0.92]
 3 : [0.43 0.57 0.9 ]
 4 : [0.49 0.8  0.53]
 5 : [0.19 0.32 0.47]
 6 : [0.51 0.   0.58]
 7 : [0.55 1.   0.28]
 8 : [0.88 0.72 0.38]
 9 : [0.88 0.73 0.37]
10 : [0.11 0.55 0.21]
11 : [0.43 0.42 0.23]
12 : [0.78 0.14 0.52]
--------------------------

Epoch : 1260
--------------------------
Node ----- Embedding -----

 0 : [0.13 0.82 0.66]
 1 : [0.16 0.34 0.74]
 2 : [0.42 0.58 0.91]
 3 : [0.43 0.56 0.9 ]
 4 : [0.49 0.81 0.53]
 5 : [0.2  0.33 0.46]
 6 : [0.52 0.   0.59]
 7 : [0.54 1.   0.28]
 8 : [0.88 0.71 0.39]
 9 : [0.88 0.73 0.38]
10 : [0.11 0.56 0.21]
11 : [0.43 0.43 0.23]
12 : [0.78 0.15 0.53]
--------------------------

Epoch : 1270
--------------------------
Node ----- Embedding -----

 0 : [0.13 0.82 0.66]
 1 : [0.15 0.34 0.74]
 2 : [0.41 0.58 0.91]
 3 : [0.42 0.56 0.91]
 4 : [0.49 0.81 0.54]
 5 : [0.2  0.31 0.46]
 6 : [0.52 0.   0.58]
 7 : [0.54 1.   0.27]
 8 : [0.87 0.72 0.38]
 9 : [0.88 0.73 0.38]
10 : [0.1  0.56 0.2 ]
11 : [0.43 0.43 0.22]
12 : [0.77 0.15 0.53]
--------------------------

Epoch : 1280
--------------------------
Node ----- Embedding -----

 0 : [0.12 0.82 0.66]
 1 : [0.14 0.33 0.74]
 2 : [0.4  0.58 0.9 ]
 3 : [0.42 0.56 0.91]
 4 : [0.49 0.81 0.53]
 5 : [0.19 0.31 0.45]
 6 : [0.52 0.   0.57]
 7 : [0.54 1.   0.26]
 8 : [0.87 0.73 0.36]
 9 : [0.87 0.72 0.37]
10 : [0.09 0.56 0.19]
11 : [0.43 0.43 0.21]
12 : [0.77 0.14 0.52]
--------------------------

Epoch : 1290
--------------------------
Node ----- Embedding -----

 0 : [0.12 0.81 0.66]
 1 : [0.14 0.33 0.75]
 2 : [0.4  0.58 0.9 ]
 3 : [0.41 0.57 0.91]
 4 : [0.49 0.8  0.53]
 5 : [0.19 0.3  0.45]
 6 : [0.52 0.   0.57]
 7 : [0.54 1.   0.26]
 8 : [0.88 0.73 0.36]
 9 : [0.88 0.71 0.37]
10 : [0.09 0.56 0.19]
11 : [0.43 0.44 0.21]
12 : [0.77 0.13 0.52]
--------------------------

Epoch : 1300
--------------------------
Node ----- Embedding -----

 0 : [0.12 0.8  0.67]
 1 : [0.12 0.32 0.75]
 2 : [0.41 0.58 0.91]
 3 : [0.41 0.58 0.92]
 4 : [0.5  0.8  0.53]
 5 : [0.18 0.29 0.46]
 6 : [0.52 0.   0.56]
 7 : [0.55 1.   0.26]
 8 : [0.88 0.73 0.36]
 9 : [0.88 0.72 0.36]
10 : [0.09 0.56 0.2 ]
11 : [0.43 0.44 0.21]
12 : [0.78 0.13 0.52]
--------------------------

Epoch : 1310
--------------------------
Node ----- Embedding -----

 0 : [0.13 0.81 0.67]
 1 : [0.13 0.32 0.77]
 2 : [0.41 0.58 0.93]
 3 : [0.42 0.58 0.94]
 4 : [0.51 0.81 0.54]
 5 : [0.18 0.3  0.46]
 6 : [0.52 0.   0.57]
 7 : [0.55 1.   0.27]
 8 : [0.9  0.74 0.36]
 9 : [0.9  0.74 0.37]
10 : [0.1  0.57 0.2 ]
11 : [0.43 0.45 0.21]
12 : [0.8  0.14 0.53]
--------------------------

Epoch : 1320
--------------------------
Node ----- Embedding -----

 0 : [0.12 0.81 0.66]
 1 : [0.12 0.31 0.77]
 2 : [0.41 0.58 0.93]
 3 : [0.42 0.59 0.94]
 4 : [0.5  0.82 0.53]
 5 : [0.17 0.29 0.47]
 6 : [0.51 0.   0.56]
 7 : [0.56 1.   0.27]
 8 : [0.9  0.74 0.36]
 9 : [0.89 0.73 0.38]
10 : [0.1  0.56 0.2 ]
11 : [0.43 0.45 0.21]
12 : [0.8  0.15 0.53]
--------------------------

Epoch : 1330
--------------------------
Node ----- Embedding -----

 0 : [0.12 0.82 0.66]
 1 : [0.13 0.31 0.76]
 2 : [0.42 0.58 0.93]
 3 : [0.42 0.59 0.94]
 4 : [0.51 0.82 0.52]
 5 : [0.17 0.29 0.47]
 6 : [0.51 0.   0.56]
 7 : [0.56 1.   0.27]
 8 : [0.89 0.73 0.37]
 9 : [0.89 0.73 0.39]
10 : [0.1  0.56 0.21]
11 : [0.43 0.45 0.22]
12 : [0.79 0.16 0.53]
--------------------------

Epoch : 1340
--------------------------
Node ----- Embedding -----

 0 : [0.11 0.82 0.66]
 1 : [0.13 0.31 0.74]
 2 : [0.41 0.58 0.92]
 3 : [0.42 0.58 0.93]
 4 : [0.5  0.83 0.5 ]
 5 : [0.17 0.28 0.46]
 6 : [0.52 0.   0.55]
 7 : [0.56 1.   0.26]
 8 : [0.88 0.72 0.37]
 9 : [0.88 0.72 0.38]
10 : [0.1  0.56 0.2 ]
11 : [0.42 0.44 0.21]
12 : [0.78 0.15 0.52]
--------------------------

Epoch : 1350
--------------------------
Node ----- Embedding -----

 0 : [0.11 0.81 0.67]
 1 : [0.14 0.32 0.74]
 2 : [0.41 0.58 0.93]
 3 : [0.42 0.58 0.93]
 4 : [0.49 0.83 0.5 ]
 5 : [0.18 0.29 0.46]
 6 : [0.52 0.   0.56]
 7 : [0.56 1.   0.26]
 8 : [0.88 0.72 0.38]
 9 : [0.89 0.73 0.37]
10 : [0.11 0.56 0.2 ]
11 : [0.42 0.44 0.21]
12 : [0.77 0.15 0.52]
--------------------------

Epoch : 1360
--------------------------
Node ----- Embedding -----

 0 : [0.11 0.81 0.67]
 1 : [0.14 0.33 0.74]
 2 : [0.41 0.57 0.93]
 3 : [0.42 0.59 0.93]
 4 : [0.49 0.84 0.51]
 5 : [0.19 0.3  0.46]
 6 : [0.52 0.   0.55]
 7 : [0.55 1.   0.26]
 8 : [0.88 0.72 0.37]
 9 : [0.89 0.73 0.37]
10 : [0.11 0.56 0.21]
11 : [0.42 0.44 0.22]
12 : [0.76 0.15 0.53]
--------------------------

Epoch : 1370
--------------------------
Node ----- Embedding -----

 0 : [0.11 0.82 0.68]
 1 : [0.14 0.33 0.74]
 2 : [0.41 0.58 0.94]
 3 : [0.43 0.59 0.93]
 4 : [0.49 0.84 0.52]
 5 : [0.19 0.3  0.47]
 6 : [0.53 0.   0.56]
 7 : [0.55 1.   0.26]
 8 : [0.89 0.72 0.38]
 9 : [0.89 0.73 0.38]
10 : [0.11 0.57 0.21]
11 : [0.42 0.44 0.22]
12 : [0.77 0.14 0.53]
--------------------------

Epoch : 1380
--------------------------
Node ----- Embedding -----

 0 : [0.1  0.81 0.67]
 1 : [0.13 0.33 0.75]
 2 : [0.41 0.57 0.93]
 3 : [0.42 0.58 0.93]
 4 : [0.49 0.82 0.52]
 5 : [0.18 0.3  0.47]
 6 : [0.52 0.   0.56]
 7 : [0.55 1.   0.25]
 8 : [0.89 0.72 0.37]
 9 : [0.88 0.72 0.38]
10 : [0.1  0.57 0.19]
11 : [0.42 0.44 0.21]
12 : [0.77 0.14 0.52]
--------------------------

Epoch : 1390
--------------------------
Node ----- Embedding -----

 0 : [0.1  0.8  0.66]
 1 : [0.13 0.33 0.74]
 2 : [0.41 0.57 0.91]
 3 : [0.42 0.57 0.9 ]
 4 : [0.49 0.81 0.52]
 5 : [0.18 0.3  0.46]
 6 : [0.52 0.   0.57]
 7 : [0.54 1.   0.24]
 8 : [0.88 0.71 0.37]
 9 : [0.87 0.72 0.37]
10 : [0.1  0.57 0.19]
11 : [0.42 0.44 0.21]
12 : [0.76 0.15 0.53]
--------------------------

Epoch : 1400
--------------------------
Node ----- Embedding -----

 0 : [0.11 0.8  0.67]
 1 : [0.13 0.33 0.74]
 2 : [0.42 0.58 0.9 ]
 3 : [0.43 0.56 0.89]
 4 : [0.5  0.8  0.52]
 5 : [0.19 0.31 0.47]
 6 : [0.52 0.   0.58]
 7 : [0.55 1.   0.25]
 8 : [0.88 0.72 0.38]
 9 : [0.88 0.73 0.36]
10 : [0.11 0.57 0.2 ]
11 : [0.42 0.44 0.23]
12 : [0.77 0.16 0.53]
--------------------------

Epoch : 1410
--------------------------
Node ----- Embedding -----

 0 : [0.12 0.8  0.67]
 1 : [0.13 0.33 0.74]
 2 : [0.42 0.59 0.9 ]
 3 : [0.44 0.56 0.9 ]
 4 : [0.51 0.81 0.51]
 5 : [0.2  0.3  0.47]
 6 : [0.51 0.   0.58]
 7 : [0.55 1.   0.25]
 8 : [0.88 0.72 0.38]
 9 : [0.88 0.72 0.37]
10 : [0.1  0.58 0.2 ]
11 : [0.42 0.45 0.23]
12 : [0.77 0.17 0.53]
--------------------------

Epoch : 1420
--------------------------
Node ----- Embedding -----

 0 : [0.12 0.8  0.67]
 1 : [0.13 0.33 0.74]
 2 : [0.41 0.58 0.91]
 3 : [0.43 0.56 0.91]
 4 : [0.51 0.81 0.51]
 5 : [0.19 0.3  0.47]
 6 : [0.52 0.   0.58]
 7 : [0.55 1.   0.26]
 8 : [0.88 0.72 0.37]
 9 : [0.88 0.73 0.36]
10 : [0.1  0.58 0.2 ]
11 : [0.43 0.45 0.22]
12 : [0.77 0.15 0.54]
--------------------------

Epoch : 1430
--------------------------
Node ----- Embedding -----

 0 : [0.12 0.81 0.68]
 1 : [0.14 0.33 0.75]
 2 : [0.41 0.59 0.93]
 3 : [0.43 0.57 0.91]
 4 : [0.52 0.82 0.51]
 5 : [0.19 0.3  0.47]
 6 : [0.53 0.   0.58]
 7 : [0.55 1.   0.27]
 8 : [0.88 0.74 0.38]
 9 : [0.88 0.73 0.38]
10 : [0.11 0.58 0.21]
11 : [0.43 0.45 0.23]
12 : [0.77 0.14 0.55]
--------------------------

Epoch : 1440
--------------------------
Node ----- Embedding -----

 0 : [0.13 0.81 0.68]
 1 : [0.15 0.34 0.75]
 2 : [0.41 0.59 0.94]
 3 : [0.44 0.58 0.91]
 4 : [0.52 0.82 0.52]
 5 : [0.2  0.31 0.48]
 6 : [0.52 0.   0.58]
 7 : [0.56 1.   0.27]
 8 : [0.88 0.75 0.38]
 9 : [0.87 0.72 0.39]
10 : [0.12 0.58 0.21]
11 : [0.44 0.46 0.23]
12 : [0.78 0.15 0.55]
--------------------------

Epoch : 1450
--------------------------
Node ----- Embedding -----

 0 : [0.14 0.81 0.69]
 1 : [0.15 0.34 0.76]
 2 : [0.42 0.59 0.94]
 3 : [0.44 0.59 0.91]
 4 : [0.52 0.82 0.55]
 5 : [0.21 0.32 0.48]
 6 : [0.52 0.   0.59]
 7 : [0.57 1.   0.27]
 8 : [0.89 0.75 0.39]
 9 : [0.89 0.73 0.39]
10 : [0.12 0.58 0.21]
11 : [0.44 0.46 0.24]
12 : [0.79 0.16 0.56]
--------------------------

Epoch : 1460
--------------------------
Node ----- Embedding -----

 0 : [0.14 0.81 0.69]
 1 : [0.15 0.35 0.77]
 2 : [0.43 0.59 0.94]
 3 : [0.44 0.6  0.92]
 4 : [0.52 0.82 0.55]
 5 : [0.21 0.32 0.49]
 6 : [0.53 0.   0.58]
 7 : [0.57 1.   0.28]
 8 : [0.89 0.74 0.39]
 9 : [0.89 0.74 0.4 ]
10 : [0.12 0.57 0.21]
11 : [0.44 0.47 0.23]
12 : [0.8  0.17 0.55]
--------------------------

Epoch : 1470
--------------------------
Node ----- Embedding -----

 0 : [0.14 0.81 0.67]
 1 : [0.14 0.34 0.76]
 2 : [0.41 0.59 0.93]
 3 : [0.43 0.59 0.92]
 4 : [0.52 0.82 0.53]
 5 : [0.19 0.31 0.47]
 6 : [0.52 0.   0.56]
 7 : [0.56 1.   0.27]
 8 : [0.88 0.73 0.38]
 9 : [0.89 0.73 0.38]
10 : [0.11 0.56 0.2 ]
11 : [0.44 0.46 0.21]
12 : [0.79 0.17 0.53]
--------------------------

Epoch : 1480
--------------------------
Node ----- Embedding -----

 0 : [0.13 0.8  0.66]
 1 : [0.15 0.34 0.75]
 2 : [0.41 0.58 0.92]
 3 : [0.43 0.59 0.91]
 4 : [0.52 0.82 0.52]
 5 : [0.19 0.3  0.47]
 6 : [0.52 0.   0.56]
 7 : [0.55 1.   0.26]
 8 : [0.88 0.72 0.38]
 9 : [0.89 0.74 0.37]
10 : [0.11 0.57 0.2 ]
11 : [0.44 0.46 0.21]
12 : [0.78 0.17 0.53]
--------------------------

Epoch : 1490
--------------------------
Node ----- Embedding -----

 0 : [0.12 0.81 0.65]
 1 : [0.15 0.33 0.74]
 2 : [0.41 0.58 0.93]
 3 : [0.42 0.59 0.92]
 4 : [0.51 0.82 0.52]
 5 : [0.18 0.29 0.46]
 6 : [0.52 0.   0.55]
 7 : [0.54 1.   0.25]
 8 : [0.89 0.72 0.37]
 9 : [0.9  0.74 0.36]
10 : [0.09 0.58 0.18]
11 : [0.43 0.45 0.21]
12 : [0.78 0.16 0.52]
--------------------------

Epoch : 1500
--------------------------
Node ----- Embedding -----

 0 : [0.13 0.8  0.65]
 1 : [0.16 0.33 0.74]
 2 : [0.42 0.57 0.93]
 3 : [0.42 0.58 0.94]
 4 : [0.51 0.82 0.53]
 5 : [0.18 0.29 0.46]
 6 : [0.51 0.   0.56]
 7 : [0.54 1.   0.25]
 8 : [0.89 0.73 0.37]
 9 : [0.91 0.74 0.37]
10 : [0.09 0.57 0.18]
11 : [0.43 0.44 0.21]
12 : [0.77 0.16 0.52]
--------------------------

