Graph : 

x = tensor([ 0.,  1.,  2.,  3.,  4.,  5.,  6.,  7.,  8.,  9., 10., 11., 12.],
       dtype=torch.float64)
edge_index = tensor([[ 1,  0,  2,  0,  2,  1,  3,  0,  3,  2,  4,  0,  5,  1,  6,  1,  6,  5,
          8,  7,  9,  7,  7,  4,  9,  8,  7,  0,  3,  1, 10,  1, 11, 10, 10,  5,
          5,  0, 10,  0, 10,  7, 12,  6],
        [ 0,  1,  0,  2,  1,  2,  0,  3,  2,  3,  0,  4,  1,  5,  1,  6,  5,  6,
          7,  8,  7,  9,  4,  7,  8,  9,  0,  7,  1,  3,  1, 10, 10, 11,  5, 10,
          0,  5,  0, 10,  7, 10,  6, 12]])

---------------------------------
---------------------------------

Number of Epochs : 200
---------------------------------
Epoch : 10
--------------------------
Node ----- Embedding -----

 0 : [0.44 0.58 0.47]
 1 : [0.27 1.   0.53]
 2 : [0.56 0.73 0.22]
 3 : [0.29 0.3  0.6 ]
 4 : [0.52 0.35 0.55]
 5 : [0.73 0.49 0.52]
 6 : [0.52 0.64 0.41]
 7 : [0.41 0.53 0.43]
 8 : [0.72 0.39 0.53]
 9 : [0.   0.4  0.86]
10 : [0.4  0.41 0.53]
11 : [0.58 0.79 0.65]
12 : [0.81 0.56 0.47]
--------------------------

Epoch : 20
--------------------------
Node ----- Embedding -----

 0 : [0.45 0.56 0.45]
 1 : [0.28 1.   0.53]
 2 : [0.54 0.72 0.23]
 3 : [0.29 0.31 0.58]
 4 : [0.51 0.37 0.54]
 5 : [0.72 0.51 0.51]
 6 : [0.54 0.64 0.42]
 7 : [0.41 0.51 0.45]
 8 : [0.71 0.36 0.55]
 9 : [0.   0.38 0.86]
10 : [0.41 0.42 0.53]
11 : [0.57 0.78 0.67]
12 : [0.8  0.56 0.46]
--------------------------

Epoch : 30
--------------------------
Node ----- Embedding -----

 0 : [0.44 0.55 0.43]
 1 : [0.28 1.   0.52]
 2 : [0.53 0.7  0.23]
 3 : [0.29 0.33 0.56]
 4 : [0.5  0.38 0.52]
 5 : [0.71 0.52 0.49]
 6 : [0.56 0.63 0.42]
 7 : [0.41 0.49 0.46]
 8 : [0.69 0.34 0.57]
 9 : [0.   0.35 0.85]
10 : [0.42 0.44 0.54]
11 : [0.56 0.77 0.69]
12 : [0.8  0.56 0.45]
--------------------------

Epoch : 40
--------------------------
Node ----- Embedding -----

 0 : [0.43 0.54 0.41]
 1 : [0.28 1.   0.51]
 2 : [0.51 0.69 0.24]
 3 : [0.29 0.34 0.55]
 4 : [0.5  0.39 0.5 ]
 5 : [0.7  0.54 0.48]
 6 : [0.57 0.63 0.42]
 7 : [0.41 0.47 0.47]
 8 : [0.68 0.31 0.59]
 9 : [0.   0.33 0.85]
10 : [0.43 0.45 0.55]
11 : [0.56 0.76 0.71]
12 : [0.79 0.56 0.44]
--------------------------

Epoch : 50
--------------------------
Node ----- Embedding -----

 0 : [0.41 0.54 0.38]
 1 : [0.29 1.   0.49]
 2 : [0.49 0.68 0.24]
 3 : [0.29 0.35 0.53]
 4 : [0.5  0.39 0.48]
 5 : [0.69 0.56 0.46]
 6 : [0.59 0.64 0.41]
 7 : [0.41 0.45 0.49]
 8 : [0.67 0.28 0.61]
 9 : [0.   0.3  0.85]
10 : [0.44 0.47 0.55]
11 : [0.56 0.75 0.72]
12 : [0.79 0.56 0.44]
--------------------------

Epoch : 60
--------------------------
Node ----- Embedding -----

 0 : [0.4  0.53 0.36]
 1 : [0.29 1.   0.48]
 2 : [0.47 0.67 0.25]
 3 : [0.29 0.36 0.51]
 4 : [0.49 0.39 0.46]
 5 : [0.68 0.58 0.44]
 6 : [0.6  0.65 0.42]
 7 : [0.41 0.43 0.5 ]
 8 : [0.66 0.26 0.62]
 9 : [0.   0.28 0.85]
10 : [0.45 0.48 0.56]
11 : [0.56 0.75 0.74]
12 : [0.79 0.56 0.45]
--------------------------

Epoch : 70
--------------------------
Node ----- Embedding -----

 0 : [0.39 0.52 0.33]
 1 : [0.29 1.   0.46]
 2 : [0.46 0.66 0.26]
 3 : [0.28 0.37 0.49]
 4 : [0.49 0.39 0.45]
 5 : [0.67 0.59 0.42]
 6 : [0.62 0.67 0.42]
 7 : [0.41 0.41 0.51]
 8 : [0.65 0.23 0.64]
 9 : [0.   0.27 0.85]
10 : [0.46 0.5  0.56]
11 : [0.57 0.74 0.75]
12 : [0.78 0.56 0.45]
--------------------------

Epoch : 80
--------------------------
Node ----- Embedding -----

 0 : [0.38 0.52 0.31]
 1 : [0.29 1.   0.44]
 2 : [0.44 0.64 0.26]
 3 : [0.28 0.39 0.48]
 4 : [0.48 0.39 0.43]
 5 : [0.66 0.6  0.4 ]
 6 : [0.64 0.68 0.42]
 7 : [0.41 0.39 0.52]
 8 : [0.65 0.2  0.65]
 9 : [0.   0.25 0.86]
10 : [0.46 0.51 0.55]
11 : [0.57 0.73 0.76]
12 : [0.79 0.56 0.46]
--------------------------

Epoch : 90
--------------------------
Node ----- Embedding -----

 0 : [0.37 0.51 0.29]
 1 : [0.29 1.   0.42]
 2 : [0.43 0.64 0.27]
 3 : [0.29 0.4  0.46]
 4 : [0.48 0.39 0.42]
 5 : [0.66 0.62 0.38]
 6 : [0.65 0.69 0.42]
 7 : [0.41 0.37 0.53]
 8 : [0.64 0.19 0.66]
 9 : [0.   0.24 0.86]
10 : [0.46 0.53 0.55]
11 : [0.58 0.73 0.76]
12 : [0.8  0.57 0.46]
--------------------------

Epoch : 100
--------------------------
Node ----- Embedding -----

 0 : [0.37 0.51 0.27]
 1 : [0.29 1.   0.4 ]
 2 : [0.42 0.63 0.27]
 3 : [0.29 0.41 0.44]
 4 : [0.48 0.37 0.41]
 5 : [0.65 0.63 0.36]
 6 : [0.67 0.71 0.42]
 7 : [0.41 0.36 0.53]
 8 : [0.64 0.18 0.67]
 9 : [0.   0.23 0.87]
10 : [0.47 0.54 0.55]
11 : [0.59 0.72 0.78]
12 : [0.81 0.57 0.47]
--------------------------

Epoch : 110
--------------------------
Node ----- Embedding -----

 0 : [0.36 0.51 0.25]
 1 : [0.29 1.   0.37]
 2 : [0.41 0.62 0.27]
 3 : [0.3  0.42 0.43]
 4 : [0.48 0.37 0.39]
 5 : [0.64 0.63 0.35]
 6 : [0.68 0.72 0.42]
 7 : [0.41 0.34 0.53]
 8 : [0.63 0.17 0.67]
 9 : [0.   0.22 0.87]
10 : [0.47 0.56 0.53]
11 : [0.59 0.71 0.78]
12 : [0.81 0.58 0.48]
--------------------------

Epoch : 120
--------------------------
Node ----- Embedding -----

 0 : [0.35 0.51 0.23]
 1 : [0.29 1.   0.36]
 2 : [0.4  0.62 0.27]
 3 : [0.3  0.43 0.41]
 4 : [0.49 0.35 0.38]
 5 : [0.64 0.64 0.33]
 6 : [0.69 0.73 0.42]
 7 : [0.4  0.32 0.52]
 8 : [0.63 0.16 0.68]
 9 : [0.   0.21 0.88]
10 : [0.47 0.57 0.52]
11 : [0.59 0.71 0.79]
12 : [0.82 0.58 0.49]
--------------------------

Epoch : 130
--------------------------
Node ----- Embedding -----

 0 : [0.34 0.5  0.21]
 1 : [0.28 1.   0.34]
 2 : [0.39 0.61 0.27]
 3 : [0.31 0.44 0.39]
 4 : [0.49 0.33 0.38]
 5 : [0.63 0.65 0.32]
 6 : [0.71 0.73 0.44]
 7 : [0.4  0.31 0.52]
 8 : [0.63 0.15 0.68]
 9 : [0.   0.21 0.88]
10 : [0.47 0.58 0.52]
11 : [0.59 0.71 0.8 ]
12 : [0.82 0.58 0.51]
--------------------------

Epoch : 140
--------------------------
Node ----- Embedding -----

 0 : [0.33 0.49 0.19]
 1 : [0.28 1.   0.33]
 2 : [0.38 0.6  0.28]
 3 : [0.31 0.44 0.38]
 4 : [0.48 0.31 0.37]
 5 : [0.62 0.66 0.31]
 6 : [0.72 0.73 0.45]
 7 : [0.39 0.29 0.51]
 8 : [0.62 0.14 0.69]
 9 : [0.   0.2  0.87]
10 : [0.47 0.59 0.52]
11 : [0.58 0.7  0.79]
12 : [0.83 0.58 0.52]
--------------------------

Epoch : 150
--------------------------
Node ----- Embedding -----

 0 : [0.33 0.49 0.17]
 1 : [0.28 1.   0.33]
 2 : [0.37 0.59 0.28]
 3 : [0.31 0.45 0.36]
 4 : [0.48 0.29 0.36]
 5 : [0.62 0.67 0.3 ]
 6 : [0.73 0.74 0.45]
 7 : [0.38 0.27 0.5 ]
 8 : [0.62 0.14 0.69]
 9 : [0.   0.21 0.87]
10 : [0.47 0.6  0.51]
11 : [0.58 0.7  0.79]
12 : [0.84 0.59 0.54]
--------------------------

Epoch : 160
--------------------------
Node ----- Embedding -----

 0 : [0.32 0.48 0.15]
 1 : [0.28 1.   0.32]
 2 : [0.37 0.59 0.28]
 3 : [0.31 0.46 0.35]
 4 : [0.48 0.28 0.35]
 5 : [0.62 0.67 0.3 ]
 6 : [0.74 0.75 0.45]
 7 : [0.37 0.25 0.5 ]
 8 : [0.62 0.13 0.7 ]
 9 : [0.   0.2  0.87]
10 : [0.46 0.61 0.49]
11 : [0.58 0.7  0.77]
12 : [0.85 0.59 0.56]
--------------------------

Epoch : 170
--------------------------
Node ----- Embedding -----

 0 : [0.32 0.47 0.13]
 1 : [0.29 1.   0.31]
 2 : [0.36 0.59 0.28]
 3 : [0.31 0.47 0.33]
 4 : [0.49 0.27 0.34]
 5 : [0.62 0.68 0.29]
 6 : [0.76 0.78 0.45]
 7 : [0.36 0.23 0.5 ]
 8 : [0.62 0.12 0.7 ]
 9 : [0.   0.2  0.88]
10 : [0.45 0.61 0.48]
11 : [0.57 0.7  0.76]
12 : [0.86 0.59 0.57]
--------------------------

Epoch : 180
--------------------------
Node ----- Embedding -----

 0 : [0.32 0.47 0.1 ]
 1 : [0.29 1.   0.29]
 2 : [0.35 0.59 0.27]
 3 : [0.31 0.48 0.32]
 4 : [0.49 0.26 0.33]
 5 : [0.61 0.68 0.28]
 6 : [0.77 0.78 0.46]
 7 : [0.36 0.22 0.49]
 8 : [0.61 0.11 0.71]
 9 : [0.   0.2  0.88]
10 : [0.44 0.62 0.46]
11 : [0.57 0.7  0.76]
12 : [0.86 0.59 0.58]
--------------------------

Epoch : 190
--------------------------
Node ----- Embedding -----

 0 : [0.3  0.46 0.06]
 1 : [0.29 1.   0.28]
 2 : [0.34 0.59 0.26]
 3 : [0.31 0.48 0.3 ]
 4 : [0.48 0.24 0.31]
 5 : [0.61 0.69 0.27]
 6 : [0.77 0.79 0.47]
 7 : [0.35 0.2  0.48]
 8 : [0.6  0.09 0.71]
 9 : [0.   0.2  0.88]
10 : [0.42 0.62 0.45]
11 : [0.55 0.69 0.75]
12 : [0.87 0.58 0.59]
--------------------------

Epoch : 200
--------------------------
Node ----- Embedding -----

 0 : [0.29 0.45 0.03]
 1 : [0.29 1.   0.26]
 2 : [0.33 0.58 0.25]
 3 : [0.31 0.48 0.28]
 4 : [0.47 0.23 0.29]
 5 : [0.6  0.69 0.25]
 6 : [0.78 0.79 0.47]
 7 : [0.34 0.18 0.45]
 8 : [0.6  0.08 0.72]
 9 : [0.   0.2  0.87]
10 : [0.41 0.63 0.43]
11 : [0.54 0.69 0.73]
12 : [0.87 0.57 0.6 ]
--------------------------

