Graph : 

x = tensor([ 0.,  1.,  2.,  3.,  4.,  5.,  6.,  7.,  8.,  9., 10., 11., 12.],
       dtype=torch.float64)
edge_index = tensor([[ 1,  0,  2,  0,  2,  1,  3,  0,  3,  2,  4,  0,  5,  1,  6,  1,  6,  5,
          8,  7,  9,  7,  7,  4,  9,  8,  7,  0,  3,  1, 10,  1, 11, 10, 10,  5,
          5,  0, 10,  0, 10,  7, 12,  6],
        [ 0,  1,  0,  2,  1,  2,  0,  3,  2,  3,  0,  4,  1,  5,  1,  6,  5,  6,
          7,  8,  7,  9,  4,  7,  8,  9,  0,  7,  1,  3,  1, 10, 10, 11,  5, 10,
          0,  5,  0, 10,  7, 10,  6, 12]])

---------------------------------
---------------------------------

Number of Epochs : 1000
---------------------------------
Epoch : 10
--------------------------
Node ----- Embedding -----

 0 : [0.2  0.14 0.13]
 1 : [0.23 0.81 0.16]
 2 : [0.08 0.5  0.83]
 3 : [0.1 0.  0.6]
 4 : [0.7  0.76 0.15]
 5 : [0.22 0.49 0.53]
 6 : [0.67 0.61 0.28]
 7 : [0.44 0.44 0.53]
 8 : [0.53 0.81 0.83]
 9 : [0.75 0.45 0.94]
10 : [0.75 0.23 0.46]
11 : [0.12 0.21 0.44]
12 : [1.   0.92 0.93]
--------------------------

Epoch : 20
--------------------------
Node ----- Embedding -----

 0 : [0.21 0.14 0.13]
 1 : [0.21 0.79 0.17]
 2 : [0.08 0.52 0.81]
 3 : [0.1  0.   0.58]
 4 : [0.67 0.73 0.14]
 5 : [0.23 0.5  0.5 ]
 6 : [0.69 0.63 0.29]
 7 : [0.46 0.45 0.54]
 8 : [0.51 0.78 0.81]
 9 : [0.73 0.45 0.92]
10 : [0.73 0.22 0.43]
11 : [0.12 0.22 0.45]
12 : [1.   0.91 0.91]
--------------------------

Epoch : 30
--------------------------
Node ----- Embedding -----

 0 : [0.21 0.15 0.12]
 1 : [0.21 0.76 0.17]
 2 : [0.08 0.53 0.78]
 3 : [0.1  0.   0.55]
 4 : [0.65 0.71 0.12]
 5 : [0.24 0.51 0.46]
 6 : [0.69 0.65 0.29]
 7 : [0.47 0.46 0.54]
 8 : [0.51 0.76 0.79]
 9 : [0.71 0.45 0.91]
10 : [0.7  0.23 0.39]
11 : [0.13 0.22 0.45]
12 : [1.   0.9  0.89]
--------------------------

Epoch : 40
--------------------------
Node ----- Embedding -----

 0 : [0.22 0.15 0.13]
 1 : [0.21 0.74 0.16]
 2 : [0.08 0.53 0.76]
 3 : [0.11 0.   0.54]
 4 : [0.62 0.69 0.12]
 5 : [0.25 0.51 0.43]
 6 : [0.7  0.67 0.3 ]
 7 : [0.48 0.46 0.53]
 8 : [0.52 0.74 0.78]
 9 : [0.7  0.46 0.9 ]
10 : [0.67 0.22 0.36]
11 : [0.13 0.21 0.46]
12 : [1.   0.89 0.87]
--------------------------

Epoch : 50
--------------------------
Node ----- Embedding -----

 0 : [0.22 0.16 0.14]
 1 : [0.21 0.73 0.16]
 2 : [0.07 0.55 0.74]
 3 : [0.11 0.   0.53]
 4 : [0.61 0.67 0.12]
 5 : [0.26 0.53 0.41]
 6 : [0.69 0.69 0.3 ]
 7 : [0.5  0.46 0.52]
 8 : [0.54 0.73 0.79]
 9 : [0.7  0.47 0.9 ]
10 : [0.66 0.22 0.33]
11 : [0.14 0.22 0.47]
12 : [1.   0.88 0.87]
--------------------------

Epoch : 60
--------------------------
Node ----- Embedding -----

 0 : [0.23 0.17 0.14]
 1 : [0.21 0.72 0.16]
 2 : [0.07 0.55 0.73]
 3 : [0.11 0.   0.52]
 4 : [0.61 0.66 0.13]
 5 : [0.27 0.54 0.37]
 6 : [0.69 0.72 0.29]
 7 : [0.52 0.46 0.51]
 8 : [0.55 0.71 0.81]
 9 : [0.69 0.46 0.9 ]
10 : [0.64 0.22 0.31]
11 : [0.15 0.21 0.48]
12 : [1.   0.87 0.86]
--------------------------

Epoch : 70
--------------------------
Node ----- Embedding -----

 0 : [0.23 0.18 0.15]
 1 : [0.21 0.71 0.15]
 2 : [0.06 0.55 0.71]
 3 : [0.11 0.   0.51]
 4 : [0.6  0.64 0.14]
 5 : [0.28 0.55 0.34]
 6 : [0.69 0.74 0.29]
 7 : [0.53 0.45 0.5 ]
 8 : [0.55 0.69 0.81]
 9 : [0.69 0.46 0.9 ]
10 : [0.62 0.22 0.28]
11 : [0.15 0.22 0.5 ]
12 : [1.   0.87 0.85]
--------------------------

Epoch : 80
--------------------------
Node ----- Embedding -----

 0 : [0.23 0.18 0.15]
 1 : [0.2  0.69 0.14]
 2 : [0.04 0.54 0.69]
 3 : [0.11 0.   0.51]
 4 : [0.6  0.63 0.13]
 5 : [0.29 0.56 0.31]
 6 : [0.7  0.77 0.29]
 7 : [0.54 0.44 0.5 ]
 8 : [0.56 0.68 0.82]
 9 : [0.69 0.46 0.89]
10 : [0.61 0.22 0.25]
11 : [0.16 0.22 0.51]
12 : [1.   0.87 0.83]
--------------------------

Epoch : 90
--------------------------
Node ----- Embedding -----

 0 : [0.24 0.19 0.14]
 1 : [0.18 0.68 0.13]
 2 : [0.03 0.53 0.68]
 3 : [0.1  0.   0.51]
 4 : [0.59 0.61 0.13]
 5 : [0.3  0.58 0.27]
 6 : [0.7  0.79 0.28]
 7 : [0.56 0.43 0.5 ]
 8 : [0.58 0.66 0.83]
 9 : [0.7  0.45 0.9 ]
10 : [0.59 0.21 0.22]
11 : [0.16 0.22 0.51]
12 : [1.   0.87 0.83]
--------------------------

Epoch : 100
--------------------------
Node ----- Embedding -----

 0 : [0.24 0.2  0.14]
 1 : [0.17 0.67 0.13]
 2 : [0.01 0.53 0.66]
 3 : [0.1 0.  0.5]
 4 : [0.6  0.59 0.14]
 5 : [0.31 0.59 0.24]
 6 : [0.69 0.82 0.28]
 7 : [0.58 0.41 0.51]
 8 : [0.6  0.64 0.84]
 9 : [0.72 0.45 0.91]
10 : [0.58 0.19 0.2 ]
11 : [0.17 0.22 0.5 ]
12 : [1.   0.88 0.82]
--------------------------

Epoch : 110
--------------------------
Node ----- Embedding -----

 0 : [0.24 0.21 0.14]
 1 : [0.16 0.67 0.12]
 2 : [0.   0.53 0.66]
 3 : [0.09 0.   0.51]
 4 : [0.61 0.58 0.16]
 5 : [0.32 0.62 0.21]
 6 : [0.69 0.86 0.27]
 7 : [0.6  0.39 0.52]
 8 : [0.64 0.63 0.87]
 9 : [0.74 0.44 0.93]
10 : [0.57 0.19 0.19]
11 : [0.18 0.22 0.5 ]
12 : [1.   0.88 0.82]
--------------------------

Epoch : 120
--------------------------
Node ----- Embedding -----

 0 : [0.25 0.22 0.14]
 1 : [0.17 0.67 0.12]
 2 : [0.   0.53 0.66]
 3 : [0.1  0.01 0.51]
 4 : [0.63 0.58 0.18]
 5 : [0.34 0.64 0.19]
 6 : [0.7  0.9  0.27]
 7 : [0.64 0.38 0.53]
 8 : [0.68 0.63 0.91]
 9 : [0.77 0.44 0.95]
10 : [0.57 0.2  0.18]
11 : [0.2  0.23 0.51]
12 : [1.   0.9  0.82]
--------------------------

Epoch : 130
--------------------------
Node ----- Embedding -----

 0 : [0.26 0.23 0.14]
 1 : [0.17 0.68 0.12]
 2 : [0.   0.54 0.67]
 3 : [0.11 0.03 0.53]
 4 : [0.66 0.57 0.21]
 5 : [0.36 0.67 0.16]
 6 : [0.71 0.95 0.28]
 7 : [0.68 0.37 0.55]
 8 : [0.73 0.62 0.94]
 9 : [0.8  0.44 0.98]
10 : [0.58 0.21 0.17]
11 : [0.23 0.24 0.51]
12 : [1.   0.92 0.82]
--------------------------

Epoch : 140
--------------------------
Node ----- Embedding -----

 0 : [0.27 0.24 0.13]
 1 : [0.17 0.69 0.12]
 2 : [0.   0.55 0.67]
 3 : [0.11 0.05 0.54]
 4 : [0.68 0.56 0.23]
 5 : [0.38 0.7  0.14]
 6 : [0.72 0.99 0.28]
 7 : [0.71 0.35 0.57]
 8 : [0.77 0.61 0.97]
 9 : [0.83 0.43 1.  ]
10 : [0.58 0.22 0.16]
11 : [0.25 0.25 0.52]
12 : [1.   0.95 0.82]
--------------------------

Epoch : 150
--------------------------
Node ----- Embedding -----

 0 : [0.28 0.24 0.12]
 1 : [0.15 0.67 0.12]
 2 : [0.   0.54 0.65]
 3 : [0.12 0.07 0.53]
 4 : [0.68 0.52 0.24]
 5 : [0.38 0.7  0.12]
 6 : [0.7  1.   0.28]
 7 : [0.73 0.31 0.57]
 8 : [0.79 0.58 0.97]
 9 : [0.83 0.4  0.99]
10 : [0.56 0.21 0.14]
11 : [0.26 0.26 0.5 ]
12 : [0.96 0.95 0.79]
--------------------------

Epoch : 160
--------------------------
Node ----- Embedding -----

 0 : [0.28 0.23 0.11]
 1 : [0.14 0.65 0.11]
 2 : [0.   0.53 0.63]
 3 : [0.11 0.08 0.51]
 4 : [0.68 0.48 0.24]
 5 : [0.38 0.69 0.1 ]
 6 : [0.68 1.   0.28]
 7 : [0.73 0.27 0.56]
 8 : [0.8  0.54 0.97]
 9 : [0.82 0.38 0.97]
10 : [0.54 0.2  0.13]
11 : [0.27 0.26 0.48]
12 : [0.92 0.95 0.75]
--------------------------

Epoch : 170
--------------------------
Node ----- Embedding -----

 0 : [0.28 0.23 0.11]
 1 : [0.13 0.64 0.11]
 2 : [0.  0.5 0.6]
 3 : [0.1  0.09 0.51]
 4 : [0.68 0.45 0.25]
 5 : [0.38 0.68 0.09]
 6 : [0.66 1.   0.27]
 7 : [0.74 0.23 0.54]
 8 : [0.8  0.5  0.96]
 9 : [0.81 0.35 0.96]
10 : [0.52 0.19 0.11]
11 : [0.28 0.26 0.46]
12 : [0.87 0.95 0.72]
--------------------------

Epoch : 180
--------------------------
Node ----- Embedding -----

 0 : [0.28 0.23 0.11]
 1 : [0.12 0.63 0.11]
 2 : [0.   0.49 0.58]
 3 : [0.1  0.11 0.51]
 4 : [0.68 0.42 0.26]
 5 : [0.38 0.68 0.08]
 6 : [0.63 1.   0.27]
 7 : [0.74 0.2  0.52]
 8 : [0.79 0.47 0.93]
 9 : [0.8  0.34 0.93]
10 : [0.51 0.2  0.11]
11 : [0.29 0.27 0.46]
12 : [0.83 0.95 0.69]
--------------------------

Epoch : 190
--------------------------
Node ----- Embedding -----

 0 : [0.29 0.22 0.11]
 1 : [0.12 0.62 0.12]
 2 : [0.   0.48 0.56]
 3 : [0.09 0.13 0.5 ]
 4 : [0.68 0.39 0.27]
 5 : [0.38 0.67 0.07]
 6 : [0.6  1.   0.27]
 7 : [0.75 0.17 0.51]
 8 : [0.78 0.44 0.91]
 9 : [0.79 0.33 0.91]
10 : [0.49 0.2  0.1 ]
11 : [0.3  0.28 0.45]
12 : [0.79 0.95 0.67]
--------------------------

Epoch : 200
--------------------------
Node ----- Embedding -----

 0 : [0.29 0.21 0.12]
 1 : [0.12 0.61 0.13]
 2 : [0.   0.47 0.55]
 3 : [0.09 0.15 0.5 ]
 4 : [0.68 0.36 0.28]
 5 : [0.38 0.66 0.07]
 6 : [0.57 1.   0.26]
 7 : [0.75 0.14 0.49]
 8 : [0.78 0.42 0.89]
 9 : [0.77 0.33 0.89]
10 : [0.48 0.19 0.09]
11 : [0.31 0.27 0.45]
12 : [0.76 0.94 0.65]
--------------------------

Epoch : 210
--------------------------
Node ----- Embedding -----

 0 : [0.29 0.2  0.12]
 1 : [0.11 0.6  0.13]
 2 : [0.   0.45 0.53]
 3 : [0.08 0.16 0.5 ]
 4 : [0.68 0.33 0.28]
 5 : [0.37 0.64 0.06]
 6 : [0.55 1.   0.26]
 7 : [0.75 0.11 0.48]
 8 : [0.78 0.39 0.87]
 9 : [0.76 0.31 0.87]
10 : [0.47 0.19 0.08]
11 : [0.31 0.27 0.43]
12 : [0.73 0.95 0.63]
--------------------------

Epoch : 220
--------------------------
Node ----- Embedding -----

 0 : [0.3  0.19 0.11]
 1 : [0.1  0.59 0.12]
 2 : [0.   0.44 0.52]
 3 : [0.07 0.17 0.5 ]
 4 : [0.68 0.3  0.29]
 5 : [0.37 0.63 0.05]
 6 : [0.52 1.   0.25]
 7 : [0.76 0.08 0.47]
 8 : [0.77 0.37 0.86]
 9 : [0.76 0.3  0.85]
10 : [0.46 0.19 0.07]
11 : [0.31 0.27 0.41]
12 : [0.7  0.95 0.62]
--------------------------

Epoch : 230
--------------------------
Node ----- Embedding -----

 0 : [0.29 0.18 0.11]
 1 : [0.09 0.59 0.11]
 2 : [0.   0.43 0.52]
 3 : [0.07 0.19 0.5 ]
 4 : [0.68 0.28 0.29]
 5 : [0.37 0.62 0.05]
 6 : [0.5  1.   0.26]
 7 : [0.77 0.05 0.47]
 8 : [0.77 0.35 0.85]
 9 : [0.76 0.29 0.83]
10 : [0.45 0.19 0.07]
11 : [0.31 0.28 0.39]
12 : [0.67 0.95 0.61]
--------------------------

Epoch : 240
--------------------------
Node ----- Embedding -----

 0 : [0.29 0.18 0.11]
 1 : [0.09 0.58 0.12]
 2 : [0.   0.42 0.51]
 3 : [0.06 0.2  0.5 ]
 4 : [0.68 0.26 0.3 ]
 5 : [0.38 0.62 0.06]
 6 : [0.49 1.   0.26]
 7 : [0.77 0.04 0.47]
 8 : [0.77 0.34 0.84]
 9 : [0.75 0.3  0.82]
10 : [0.44 0.2  0.07]
11 : [0.32 0.29 0.38]
12 : [0.65 0.95 0.6 ]
--------------------------

Epoch : 250
--------------------------
Node ----- Embedding -----

 0 : [0.29 0.17 0.12]
 1 : [0.09 0.57 0.13]
 2 : [0.   0.42 0.51]
 3 : [0.06 0.22 0.5 ]
 4 : [0.68 0.26 0.3 ]
 5 : [0.38 0.62 0.06]
 6 : [0.48 1.   0.27]
 7 : [0.78 0.04 0.46]
 8 : [0.77 0.33 0.84]
 9 : [0.74 0.31 0.82]
10 : [0.44 0.21 0.07]
11 : [0.33 0.3  0.37]
12 : [0.63 0.95 0.59]
--------------------------

Epoch : 260
--------------------------
Node ----- Embedding -----

 0 : [0.29 0.16 0.12]
 1 : [0.09 0.57 0.13]
 2 : [0.   0.4  0.51]
 3 : [0.05 0.23 0.49]
 4 : [0.67 0.25 0.31]
 5 : [0.38 0.62 0.06]
 6 : [0.47 1.   0.27]
 7 : [0.78 0.03 0.46]
 8 : [0.77 0.32 0.84]
 9 : [0.74 0.3  0.81]
10 : [0.44 0.21 0.06]
11 : [0.33 0.31 0.36]
12 : [0.62 0.94 0.59]
--------------------------

Epoch : 270
--------------------------
Node ----- Embedding -----

 0 : [0.29 0.15 0.12]
 1 : [0.09 0.57 0.14]
 2 : [0.   0.4  0.51]
 3 : [0.06 0.24 0.49]
 4 : [0.65 0.24 0.32]
 5 : [0.38 0.61 0.06]
 6 : [0.46 1.   0.27]
 7 : [0.78 0.02 0.46]
 8 : [0.76 0.31 0.83]
 9 : [0.74 0.31 0.81]
10 : [0.43 0.21 0.06]
11 : [0.34 0.32 0.35]
12 : [0.6  0.92 0.58]
--------------------------

Epoch : 280
--------------------------
Node ----- Embedding -----

 0 : [0.28 0.14 0.12]
 1 : [0.09 0.56 0.14]
 2 : [0.   0.39 0.51]
 3 : [0.05 0.24 0.49]
 4 : [0.64 0.23 0.32]
 5 : [0.38 0.6  0.04]
 6 : [0.44 1.   0.26]
 7 : [0.78 0.01 0.44]
 8 : [0.75 0.31 0.83]
 9 : [0.73 0.31 0.81]
10 : [0.43 0.22 0.06]
11 : [0.34 0.32 0.34]
12 : [0.59 0.92 0.58]
--------------------------

Epoch : 290
--------------------------
Node ----- Embedding -----

 0 : [0.28 0.13 0.12]
 1 : [0.08 0.56 0.15]
 2 : [0.   0.38 0.51]
 3 : [0.05 0.25 0.48]
 4 : [0.62 0.23 0.32]
 5 : [0.38 0.59 0.04]
 6 : [0.44 1.   0.27]
 7 : [0.78 0.   0.44]
 8 : [0.73 0.31 0.81]
 9 : [0.73 0.31 0.8 ]
10 : [0.43 0.23 0.06]
11 : [0.35 0.33 0.33]
12 : [0.58 0.91 0.58]
--------------------------

Epoch : 300
--------------------------
Node ----- Embedding -----

 0 : [0.28 0.12 0.12]
 1 : [0.08 0.56 0.15]
 2 : [0.   0.37 0.51]
 3 : [0.04 0.26 0.48]
 4 : [0.61 0.22 0.32]
 5 : [0.38 0.58 0.04]
 6 : [0.44 1.   0.27]
 7 : [0.78 0.   0.44]
 8 : [0.73 0.31 0.81]
 9 : [0.73 0.3  0.79]
10 : [0.42 0.23 0.06]
11 : [0.36 0.33 0.33]
12 : [0.58 0.92 0.57]
--------------------------

Epoch : 310
--------------------------
Node ----- Embedding -----

 0 : [0.27 0.11 0.13]
 1 : [0.07 0.56 0.15]
 2 : [0.   0.37 0.51]
 3 : [0.04 0.27 0.48]
 4 : [0.61 0.21 0.33]
 5 : [0.38 0.57 0.04]
 6 : [0.43 1.   0.28]
 7 : [0.78 0.01 0.45]
 8 : [0.74 0.31 0.8 ]
 9 : [0.72 0.31 0.79]
10 : [0.43 0.24 0.05]
11 : [0.37 0.34 0.33]
12 : [0.57 0.91 0.57]
--------------------------

Epoch : 320
--------------------------
Node ----- Embedding -----

 0 : [0.27 0.11 0.14]
 1 : [0.07 0.56 0.15]
 2 : [0.   0.36 0.51]
 3 : [0.04 0.27 0.5 ]
 4 : [0.61 0.21 0.33]
 5 : [0.38 0.57 0.04]
 6 : [0.43 1.   0.28]
 7 : [0.78 0.01 0.44]
 8 : [0.74 0.31 0.81]
 9 : [0.72 0.31 0.79]
10 : [0.43 0.24 0.05]
11 : [0.38 0.35 0.33]
12 : [0.57 0.91 0.58]
--------------------------

Epoch : 330
--------------------------
Node ----- Embedding -----

 0 : [0.27 0.11 0.15]
 1 : [0.07 0.57 0.16]
 2 : [0.   0.36 0.51]
 3 : [0.05 0.29 0.51]
 4 : [0.61 0.21 0.34]
 5 : [0.39 0.58 0.05]
 6 : [0.43 1.   0.29]
 7 : [0.79 0.01 0.44]
 8 : [0.74 0.32 0.81]
 9 : [0.72 0.32 0.79]
10 : [0.44 0.24 0.06]
11 : [0.39 0.36 0.33]
12 : [0.57 0.91 0.58]
--------------------------

Epoch : 340
--------------------------
Node ----- Embedding -----

 0 : [0.27 0.11 0.15]
 1 : [0.07 0.57 0.18]
 2 : [0.   0.36 0.51]
 3 : [0.05 0.3  0.52]
 4 : [0.61 0.21 0.35]
 5 : [0.4  0.59 0.05]
 6 : [0.44 1.   0.3 ]
 7 : [0.79 0.01 0.44]
 8 : [0.75 0.33 0.81]
 9 : [0.73 0.33 0.79]
10 : [0.45 0.25 0.06]
11 : [0.4  0.37 0.32]
12 : [0.57 0.91 0.59]
--------------------------

Epoch : 350
--------------------------
Node ----- Embedding -----

 0 : [0.26 0.1  0.15]
 1 : [0.05 0.57 0.17]
 2 : [0.   0.35 0.51]
 3 : [0.04 0.3  0.52]
 4 : [0.6  0.2  0.35]
 5 : [0.39 0.6  0.05]
 6 : [0.43 1.   0.29]
 7 : [0.8  0.01 0.43]
 8 : [0.74 0.33 0.8 ]
 9 : [0.73 0.33 0.79]
10 : [0.45 0.24 0.05]
11 : [0.41 0.38 0.31]
12 : [0.57 0.91 0.58]
--------------------------

Epoch : 360
--------------------------
Node ----- Embedding -----

 0 : [0.25 0.09 0.15]
 1 : [0.05 0.56 0.16]
 2 : [0.01 0.35 0.51]
 3 : [0.03 0.3  0.52]
 4 : [0.6  0.19 0.35]
 5 : [0.39 0.6  0.04]
 6 : [0.43 1.   0.29]
 7 : [0.79 0.   0.43]
 8 : [0.74 0.32 0.79]
 9 : [0.73 0.33 0.79]
10 : [0.45 0.23 0.04]
11 : [0.41 0.38 0.29]
12 : [0.56 0.9  0.58]
--------------------------

Epoch : 370
--------------------------
Node ----- Embedding -----

 0 : [0.25 0.1  0.16]
 1 : [0.05 0.56 0.17]
 2 : [0.02 0.35 0.52]
 3 : [0.03 0.31 0.54]
 4 : [0.6  0.19 0.36]
 5 : [0.39 0.61 0.05]
 6 : [0.43 1.   0.29]
 7 : [0.8  0.   0.43]
 8 : [0.73 0.32 0.78]
 9 : [0.73 0.33 0.78]
10 : [0.46 0.24 0.04]
11 : [0.43 0.39 0.28]
12 : [0.56 0.89 0.58]
--------------------------

Epoch : 380
--------------------------
Node ----- Embedding -----

 0 : [0.25 0.1  0.17]
 1 : [0.06 0.56 0.17]
 2 : [0.03 0.35 0.53]
 3 : [0.03 0.32 0.53]
 4 : [0.6  0.18 0.37]
 5 : [0.4  0.61 0.04]
 6 : [0.43 1.   0.3 ]
 7 : [0.8  0.   0.44]
 8 : [0.74 0.33 0.78]
 9 : [0.74 0.33 0.79]
10 : [0.46 0.26 0.04]
11 : [0.44 0.4  0.28]
12 : [0.56 0.88 0.59]
--------------------------

Epoch : 390
--------------------------
Node ----- Embedding -----

 0 : [0.24 0.1  0.17]
 1 : [0.04 0.55 0.17]
 2 : [0.03 0.35 0.53]
 3 : [0.03 0.32 0.53]
 4 : [0.59 0.18 0.38]
 5 : [0.4  0.6  0.04]
 6 : [0.43 1.   0.3 ]
 7 : [0.81 0.   0.44]
 8 : [0.74 0.33 0.79]
 9 : [0.74 0.33 0.79]
10 : [0.46 0.27 0.03]
11 : [0.45 0.4  0.26]
12 : [0.56 0.88 0.59]
--------------------------

Epoch : 400
--------------------------
Node ----- Embedding -----

 0 : [0.24 0.1  0.18]
 1 : [0.04 0.56 0.17]
 2 : [0.02 0.35 0.54]
 3 : [0.03 0.33 0.54]
 4 : [0.59 0.18 0.39]
 5 : [0.39 0.59 0.03]
 6 : [0.42 1.   0.31]
 7 : [0.81 0.   0.45]
 8 : [0.74 0.33 0.79]
 9 : [0.74 0.33 0.78]
10 : [0.46 0.28 0.02]
11 : [0.45 0.4  0.25]
12 : [0.56 0.89 0.59]
--------------------------

Epoch : 410
--------------------------
Node ----- Embedding -----

 0 : [0.23 0.1  0.17]
 1 : [0.04 0.56 0.17]
 2 : [0.01 0.35 0.55]
 3 : [0.02 0.33 0.55]
 4 : [0.59 0.18 0.4 ]
 5 : [0.39 0.59 0.02]
 6 : [0.41 1.   0.31]
 7 : [0.81 0.   0.45]
 8 : [0.75 0.33 0.8 ]
 9 : [0.75 0.34 0.79]
10 : [0.47 0.29 0.01]
11 : [0.46 0.4  0.24]
12 : [0.56 0.9  0.59]
--------------------------

Epoch : 420
--------------------------
Node ----- Embedding -----

 0 : [0.22 0.1  0.17]
 1 : [0.05 0.56 0.17]
 2 : [0.01 0.35 0.55]
 3 : [0.02 0.33 0.56]
 4 : [0.59 0.18 0.42]
 5 : [0.4  0.6  0.02]
 6 : [0.42 1.   0.31]
 7 : [0.81 0.01 0.45]
 8 : [0.76 0.33 0.8 ]
 9 : [0.77 0.34 0.8 ]
10 : [0.48 0.29 0.  ]
11 : [0.47 0.41 0.25]
12 : [0.56 0.91 0.6 ]
--------------------------

Epoch : 430
--------------------------
Node ----- Embedding -----

 0 : [0.23 0.11 0.19]
 1 : [0.06 0.56 0.19]
 2 : [0.02 0.36 0.56]
 3 : [0.03 0.34 0.57]
 4 : [0.59 0.18 0.42]
 5 : [0.4  0.61 0.03]
 6 : [0.42 1.   0.32]
 7 : [0.82 0.02 0.46]
 8 : [0.78 0.33 0.81]
 9 : [0.78 0.34 0.81]
10 : [0.49 0.29 0.  ]
11 : [0.49 0.42 0.25]
12 : [0.56 0.91 0.61]
--------------------------

Epoch : 440
--------------------------
Node ----- Embedding -----

 0 : [0.23 0.09 0.2 ]
 1 : [0.07 0.56 0.19]
 2 : [0.03 0.36 0.55]
 3 : [0.03 0.34 0.57]
 4 : [0.57 0.18 0.42]
 5 : [0.4  0.62 0.03]
 6 : [0.41 1.   0.32]
 7 : [0.81 0.01 0.46]
 8 : [0.78 0.33 0.8 ]
 9 : [0.78 0.33 0.8 ]
10 : [0.49 0.28 0.  ]
11 : [0.49 0.42 0.24]
12 : [0.56 0.92 0.61]
--------------------------

Epoch : 450
--------------------------
Node ----- Embedding -----

 0 : [0.22 0.09 0.2 ]
 1 : [0.07 0.56 0.19]
 2 : [0.02 0.35 0.55]
 3 : [0.03 0.34 0.56]
 4 : [0.55 0.18 0.41]
 5 : [0.39 0.63 0.03]
 6 : [0.41 1.   0.33]
 7 : [0.81 0.01 0.45]
 8 : [0.77 0.34 0.79]
 9 : [0.77 0.34 0.79]
10 : [0.5  0.27 0.  ]
11 : [0.5  0.42 0.24]
12 : [0.56 0.92 0.61]
--------------------------

Epoch : 460
--------------------------
Node ----- Embedding -----

 0 : [0.22 0.08 0.19]
 1 : [0.07 0.56 0.19]
 2 : [0.   0.34 0.55]
 3 : [0.02 0.34 0.56]
 4 : [0.54 0.18 0.41]
 5 : [0.39 0.62 0.03]
 6 : [0.41 1.   0.33]
 7 : [0.81 0.02 0.45]
 8 : [0.77 0.34 0.78]
 9 : [0.76 0.34 0.77]
10 : [0.5  0.27 0.  ]
11 : [0.51 0.42 0.24]
12 : [0.56 0.92 0.6 ]
--------------------------

Epoch : 470
--------------------------
Node ----- Embedding -----

 0 : [0.22 0.08 0.19]
 1 : [0.07 0.56 0.18]
 2 : [0.01 0.34 0.56]
 3 : [0.03 0.35 0.56]
 4 : [0.54 0.18 0.42]
 5 : [0.39 0.61 0.05]
 6 : [0.41 1.   0.34]
 7 : [0.8  0.03 0.45]
 8 : [0.77 0.33 0.78]
 9 : [0.77 0.34 0.77]
10 : [0.5  0.27 0.  ]
11 : [0.51 0.43 0.25]
12 : [0.55 0.92 0.6 ]
--------------------------

Epoch : 480
--------------------------
Node ----- Embedding -----

 0 : [0.22 0.08 0.2 ]
 1 : [0.08 0.56 0.19]
 2 : [0.02 0.35 0.56]
 3 : [0.03 0.36 0.57]
 4 : [0.55 0.19 0.43]
 5 : [0.38 0.62 0.05]
 6 : [0.41 1.   0.34]
 7 : [0.8  0.03 0.46]
 8 : [0.77 0.34 0.78]
 9 : [0.78 0.34 0.78]
10 : [0.51 0.29 0.  ]
11 : [0.52 0.43 0.26]
12 : [0.55 0.93 0.61]
--------------------------

Epoch : 490
--------------------------
Node ----- Embedding -----

 0 : [0.23 0.1  0.21]
 1 : [0.08 0.57 0.19]
 2 : [0.03 0.37 0.57]
 3 : [0.04 0.37 0.58]
 4 : [0.55 0.2  0.44]
 5 : [0.39 0.62 0.06]
 6 : [0.42 1.   0.34]
 7 : [0.8  0.04 0.46]
 8 : [0.77 0.35 0.78]
 9 : [0.79 0.35 0.78]
10 : [0.52 0.3  0.  ]
11 : [0.54 0.44 0.26]
12 : [0.55 0.92 0.61]
--------------------------

Epoch : 500
--------------------------
Node ----- Embedding -----

 0 : [0.23 0.1  0.21]
 1 : [0.08 0.57 0.18]
 2 : [0.04 0.38 0.58]
 3 : [0.04 0.36 0.58]
 4 : [0.55 0.19 0.45]
 5 : [0.38 0.6  0.06]
 6 : [0.4  1.   0.34]
 7 : [0.8  0.03 0.46]
 8 : [0.77 0.34 0.77]
 9 : [0.78 0.35 0.78]
10 : [0.52 0.31 0.  ]
11 : [0.54 0.45 0.26]
12 : [0.55 0.9  0.61]
--------------------------

Epoch : 510
--------------------------
Node ----- Embedding -----

 0 : [0.22 0.09 0.21]
 1 : [0.08 0.57 0.18]
 2 : [0.04 0.38 0.58]
 3 : [0.04 0.36 0.58]
 4 : [0.54 0.18 0.45]
 5 : [0.38 0.6  0.06]
 6 : [0.4  1.   0.34]
 7 : [0.81 0.02 0.46]
 8 : [0.77 0.33 0.77]
 9 : [0.78 0.35 0.77]
10 : [0.52 0.31 0.  ]
11 : [0.55 0.45 0.26]
12 : [0.54 0.89 0.61]
--------------------------

Epoch : 520
--------------------------
Node ----- Embedding -----

 0 : [0.21 0.09 0.23]
 1 : [0.08 0.57 0.18]
 2 : [0.04 0.38 0.58]
 3 : [0.04 0.36 0.58]
 4 : [0.53 0.18 0.45]
 5 : [0.38 0.61 0.07]
 6 : [0.39 1.   0.34]
 7 : [0.81 0.02 0.45]
 8 : [0.77 0.34 0.77]
 9 : [0.78 0.36 0.76]
10 : [0.53 0.31 0.  ]
11 : [0.56 0.46 0.25]
12 : [0.54 0.9  0.61]
--------------------------

Epoch : 530
--------------------------
Node ----- Embedding -----

 0 : [0.22 0.09 0.24]
 1 : [0.08 0.58 0.19]
 2 : [0.04 0.38 0.59]
 3 : [0.04 0.36 0.58]
 4 : [0.53 0.17 0.46]
 5 : [0.38 0.6  0.08]
 6 : [0.39 1.   0.34]
 7 : [0.81 0.01 0.45]
 8 : [0.78 0.34 0.78]
 9 : [0.79 0.36 0.77]
10 : [0.54 0.32 0.  ]
11 : [0.57 0.46 0.25]
12 : [0.54 0.9  0.61]
--------------------------

Epoch : 540
--------------------------
Node ----- Embedding -----

 0 : [0.21 0.08 0.24]
 1 : [0.08 0.59 0.2 ]
 2 : [0.03 0.38 0.58]
 3 : [0.05 0.36 0.59]
 4 : [0.53 0.17 0.47]
 5 : [0.38 0.6  0.08]
 6 : [0.4  1.   0.34]
 7 : [0.81 0.   0.44]
 8 : [0.79 0.34 0.78]
 9 : [0.79 0.36 0.77]
10 : [0.54 0.32 0.  ]
11 : [0.57 0.45 0.26]
12 : [0.53 0.9  0.61]
--------------------------

Epoch : 550
--------------------------
Node ----- Embedding -----

 0 : [0.21 0.09 0.25]
 1 : [0.08 0.58 0.21]
 2 : [0.03 0.38 0.58]
 3 : [0.05 0.36 0.59]
 4 : [0.53 0.17 0.48]
 5 : [0.38 0.6  0.08]
 6 : [0.41 1.   0.35]
 7 : [0.81 0.   0.45]
 8 : [0.8  0.35 0.78]
 9 : [0.8  0.36 0.77]
10 : [0.55 0.33 0.  ]
11 : [0.58 0.45 0.26]
12 : [0.53 0.9  0.62]
--------------------------

Epoch : 560
--------------------------
Node ----- Embedding -----

 0 : [0.22 0.1  0.26]
 1 : [0.07 0.58 0.21]
 2 : [0.04 0.39 0.58]
 3 : [0.06 0.37 0.6 ]
 4 : [0.54 0.18 0.49]
 5 : [0.38 0.61 0.09]
 6 : [0.41 1.   0.35]
 7 : [0.81 0.01 0.45]
 8 : [0.8  0.36 0.78]
 9 : [0.8  0.37 0.77]
10 : [0.56 0.33 0.  ]
11 : [0.59 0.46 0.25]
12 : [0.54 0.9  0.62]
--------------------------

Epoch : 570
--------------------------
Node ----- Embedding -----

 0 : [0.23 0.1  0.26]
 1 : [0.08 0.59 0.21]
 2 : [0.04 0.39 0.6 ]
 3 : [0.06 0.38 0.61]
 4 : [0.54 0.19 0.51]
 5 : [0.39 0.61 0.09]
 6 : [0.43 1.   0.36]
 7 : [0.82 0.01 0.46]
 8 : [0.8  0.37 0.78]
 9 : [0.81 0.36 0.77]
10 : [0.57 0.33 0.  ]
11 : [0.61 0.48 0.24]
12 : [0.55 0.89 0.63]
--------------------------

Epoch : 580
--------------------------
Node ----- Embedding -----

 0 : [0.23 0.11 0.26]
 1 : [0.09 0.6  0.22]
 2 : [0.06 0.4  0.6 ]
 3 : [0.07 0.38 0.61]
 4 : [0.53 0.19 0.52]
 5 : [0.39 0.61 0.1 ]
 6 : [0.42 1.   0.37]
 7 : [0.82 0.02 0.47]
 8 : [0.81 0.37 0.78]
 9 : [0.81 0.36 0.78]
10 : [0.58 0.33 0.  ]
11 : [0.61 0.5  0.24]
12 : [0.56 0.9  0.63]
--------------------------

Epoch : 590
--------------------------
Node ----- Embedding -----

 0 : [0.23 0.11 0.27]
 1 : [0.1  0.6  0.22]
 2 : [0.08 0.4  0.6 ]
 3 : [0.08 0.39 0.61]
 4 : [0.53 0.2  0.52]
 5 : [0.4  0.61 0.12]
 6 : [0.43 1.   0.38]
 7 : [0.82 0.03 0.48]
 8 : [0.8  0.38 0.77]
 9 : [0.8  0.38 0.77]
10 : [0.58 0.34 0.  ]
11 : [0.62 0.5  0.24]
12 : [0.56 0.91 0.64]
--------------------------

Epoch : 600
--------------------------
Node ----- Embedding -----

 0 : [0.23 0.13 0.28]
 1 : [0.11 0.6  0.22]
 2 : [0.09 0.41 0.61]
 3 : [0.09 0.4  0.61]
 4 : [0.55 0.21 0.53]
 5 : [0.4  0.61 0.13]
 6 : [0.43 1.   0.39]
 7 : [0.83 0.04 0.49]
 8 : [0.8  0.39 0.77]
 9 : [0.8  0.39 0.77]
10 : [0.58 0.34 0.  ]
11 : [0.63 0.51 0.25]
12 : [0.57 0.92 0.64]
--------------------------

Epoch : 610
--------------------------
Node ----- Embedding -----

 0 : [0.23 0.12 0.29]
 1 : [0.12 0.6  0.22]
 2 : [0.09 0.42 0.61]
 3 : [0.09 0.4  0.61]
 4 : [0.54 0.21 0.53]
 5 : [0.39 0.61 0.13]
 6 : [0.42 1.   0.39]
 7 : [0.82 0.04 0.49]
 8 : [0.8  0.39 0.77]
 9 : [0.79 0.38 0.77]
10 : [0.58 0.34 0.  ]
11 : [0.63 0.51 0.26]
12 : [0.57 0.91 0.64]
--------------------------

Epoch : 620
--------------------------
Node ----- Embedding -----

 0 : [0.23 0.11 0.28]
 1 : [0.11 0.6  0.22]
 2 : [0.08 0.42 0.6 ]
 3 : [0.1  0.4  0.61]
 4 : [0.54 0.2  0.52]
 5 : [0.39 0.62 0.13]
 6 : [0.41 1.   0.39]
 7 : [0.82 0.03 0.49]
 8 : [0.81 0.38 0.77]
 9 : [0.78 0.37 0.76]
10 : [0.57 0.35 0.  ]
11 : [0.64 0.51 0.27]
12 : [0.57 0.91 0.64]
--------------------------

Epoch : 630
--------------------------
Node ----- Embedding -----

 0 : [0.23 0.1  0.28]
 1 : [0.11 0.6  0.23]
 2 : [0.09 0.43 0.6 ]
 3 : [0.11 0.4  0.62]
 4 : [0.54 0.19 0.53]
 5 : [0.39 0.62 0.13]
 6 : [0.41 1.   0.39]
 7 : [0.83 0.03 0.5 ]
 8 : [0.82 0.38 0.78]
 9 : [0.79 0.38 0.77]
10 : [0.58 0.35 0.  ]
11 : [0.64 0.52 0.27]
12 : [0.57 0.92 0.64]
--------------------------

Epoch : 640
--------------------------
Node ----- Embedding -----

 0 : [0.23 0.11 0.28]
 1 : [0.1  0.6  0.23]
 2 : [0.09 0.43 0.6 ]
 3 : [0.11 0.41 0.62]
 4 : [0.54 0.19 0.53]
 5 : [0.38 0.63 0.13]
 6 : [0.42 1.   0.38]
 7 : [0.82 0.04 0.5 ]
 8 : [0.83 0.38 0.78]
 9 : [0.8  0.38 0.77]
10 : [0.59 0.36 0.  ]
11 : [0.65 0.52 0.27]
12 : [0.57 0.93 0.65]
--------------------------

Epoch : 650
--------------------------
Node ----- Embedding -----

 0 : [0.23 0.11 0.27]
 1 : [0.1  0.6  0.23]
 2 : [0.09 0.43 0.61]
 3 : [0.12 0.41 0.62]
 4 : [0.54 0.19 0.53]
 5 : [0.38 0.63 0.13]
 6 : [0.42 1.   0.39]
 7 : [0.83 0.05 0.5 ]
 8 : [0.83 0.38 0.79]
 9 : [0.81 0.39 0.78]
10 : [0.59 0.35 0.  ]
11 : [0.66 0.53 0.27]
12 : [0.58 0.93 0.65]
--------------------------

Epoch : 660
--------------------------
Node ----- Embedding -----

 0 : [0.22 0.1  0.26]
 1 : [0.1  0.6  0.24]
 2 : [0.07 0.42 0.61]
 3 : [0.11 0.41 0.61]
 4 : [0.53 0.19 0.53]
 5 : [0.37 0.62 0.13]
 6 : [0.42 1.   0.39]
 7 : [0.82 0.05 0.5 ]
 8 : [0.82 0.39 0.79]
 9 : [0.81 0.38 0.78]
10 : [0.59 0.35 0.  ]
11 : [0.66 0.53 0.27]
12 : [0.58 0.92 0.65]
--------------------------

Epoch : 670
--------------------------
Node ----- Embedding -----

 0 : [0.21 0.09 0.26]
 1 : [0.11 0.6  0.24]
 2 : [0.07 0.42 0.61]
 3 : [0.11 0.4  0.61]
 4 : [0.51 0.2  0.54]
 5 : [0.37 0.62 0.13]
 6 : [0.42 1.   0.39]
 7 : [0.82 0.04 0.49]
 8 : [0.82 0.39 0.79]
 9 : [0.81 0.39 0.78]
10 : [0.59 0.34 0.  ]
11 : [0.66 0.53 0.27]
12 : [0.57 0.91 0.65]
--------------------------

Epoch : 680
--------------------------
Node ----- Embedding -----

 0 : [0.21 0.09 0.26]
 1 : [0.12 0.6  0.24]
 2 : [0.06 0.42 0.62]
 3 : [0.1  0.4  0.61]
 4 : [0.51 0.2  0.53]
 5 : [0.37 0.64 0.13]
 6 : [0.41 1.   0.38]
 7 : [0.82 0.04 0.49]
 8 : [0.81 0.39 0.79]
 9 : [0.82 0.39 0.78]
10 : [0.59 0.35 0.  ]
11 : [0.66 0.54 0.26]
12 : [0.57 0.9  0.64]
--------------------------

Epoch : 690
--------------------------
Node ----- Embedding -----

 0 : [0.21 0.09 0.27]
 1 : [0.12 0.59 0.24]
 2 : [0.06 0.41 0.62]
 3 : [0.1 0.4 0.6]
 4 : [0.51 0.2  0.53]
 5 : [0.37 0.63 0.12]
 6 : [0.41 1.   0.38]
 7 : [0.81 0.05 0.49]
 8 : [0.8  0.39 0.78]
 9 : [0.82 0.39 0.77]
10 : [0.59 0.35 0.  ]
11 : [0.66 0.54 0.26]
12 : [0.56 0.9  0.64]
--------------------------

Epoch : 700
--------------------------
Node ----- Embedding -----

 0 : [0.2  0.09 0.27]
 1 : [0.11 0.59 0.23]
 2 : [0.06 0.39 0.62]
 3 : [0.1  0.39 0.59]
 4 : [0.51 0.19 0.52]
 5 : [0.36 0.62 0.12]
 6 : [0.4  1.   0.38]
 7 : [0.8  0.03 0.48]
 8 : [0.79 0.38 0.76]
 9 : [0.81 0.37 0.77]
10 : [0.58 0.34 0.  ]
11 : [0.66 0.53 0.26]
12 : [0.55 0.9  0.63]
--------------------------

Epoch : 710
--------------------------
Node ----- Embedding -----

 0 : [0.19 0.08 0.27]
 1 : [0.11 0.58 0.23]
 2 : [0.06 0.38 0.61]
 3 : [0.1  0.39 0.59]
 4 : [0.5  0.18 0.51]
 5 : [0.37 0.62 0.13]
 6 : [0.4  1.   0.38]
 7 : [0.79 0.03 0.48]
 8 : [0.78 0.38 0.75]
 9 : [0.81 0.37 0.77]
10 : [0.58 0.33 0.  ]
11 : [0.66 0.53 0.27]
12 : [0.55 0.89 0.62]
--------------------------

Epoch : 720
--------------------------
Node ----- Embedding -----

 0 : [0.19 0.08 0.27]
 1 : [0.11 0.57 0.23]
 2 : [0.06 0.38 0.61]
 3 : [0.1  0.39 0.59]
 4 : [0.49 0.19 0.51]
 5 : [0.37 0.61 0.13]
 6 : [0.39 1.   0.38]
 7 : [0.79 0.03 0.48]
 8 : [0.79 0.37 0.74]
 9 : [0.81 0.37 0.77]
10 : [0.58 0.33 0.  ]
11 : [0.66 0.53 0.27]
12 : [0.55 0.88 0.62]
--------------------------

Epoch : 730
--------------------------
Node ----- Embedding -----

 0 : [0.2  0.09 0.27]
 1 : [0.11 0.57 0.23]
 2 : [0.07 0.4  0.6 ]
 3 : [0.1  0.39 0.59]
 4 : [0.49 0.2  0.51]
 5 : [0.36 0.6  0.13]
 6 : [0.4  1.   0.39]
 7 : [0.79 0.04 0.49]
 8 : [0.8  0.37 0.74]
 9 : [0.81 0.37 0.77]
10 : [0.58 0.34 0.  ]
11 : [0.66 0.53 0.26]
12 : [0.54 0.88 0.62]
--------------------------

Epoch : 740
--------------------------
Node ----- Embedding -----

 0 : [0.21 0.09 0.28]
 1 : [0.12 0.58 0.22]
 2 : [0.08 0.4  0.61]
 3 : [0.11 0.4  0.6 ]
 4 : [0.51 0.2  0.52]
 5 : [0.36 0.61 0.13]
 6 : [0.4  1.   0.39]
 7 : [0.79 0.03 0.5 ]
 8 : [0.81 0.37 0.76]
 9 : [0.82 0.37 0.78]
10 : [0.58 0.35 0.  ]
11 : [0.66 0.55 0.26]
12 : [0.56 0.88 0.63]
--------------------------

Epoch : 750
--------------------------
Node ----- Embedding -----

 0 : [0.22 0.1  0.3 ]
 1 : [0.12 0.58 0.23]
 2 : [0.09 0.4  0.61]
 3 : [0.11 0.41 0.6 ]
 4 : [0.53 0.2  0.52]
 5 : [0.36 0.62 0.13]
 6 : [0.41 1.   0.39]
 7 : [0.8  0.03 0.5 ]
 8 : [0.81 0.38 0.77]
 9 : [0.81 0.38 0.79]
10 : [0.59 0.36 0.  ]
11 : [0.67 0.56 0.26]
12 : [0.57 0.89 0.63]
--------------------------

Epoch : 760
--------------------------
Node ----- Embedding -----

 0 : [0.22 0.11 0.3 ]
 1 : [0.11 0.59 0.23]
 2 : [0.09 0.4  0.61]
 3 : [0.11 0.42 0.6 ]
 4 : [0.54 0.21 0.53]
 5 : [0.36 0.63 0.13]
 6 : [0.42 1.   0.39]
 7 : [0.8  0.04 0.5 ]
 8 : [0.82 0.39 0.77]
 9 : [0.82 0.39 0.79]
10 : [0.6  0.36 0.  ]
11 : [0.67 0.57 0.26]
12 : [0.57 0.89 0.64]
--------------------------

Epoch : 770
--------------------------
Node ----- Embedding -----

 0 : [0.23 0.12 0.29]
 1 : [0.11 0.58 0.23]
 2 : [0.09 0.4  0.61]
 3 : [0.11 0.42 0.6 ]
 4 : [0.54 0.22 0.54]
 5 : [0.36 0.63 0.14]
 6 : [0.42 1.   0.39]
 7 : [0.8  0.05 0.49]
 8 : [0.81 0.39 0.77]
 9 : [0.81 0.39 0.79]
10 : [0.6  0.36 0.  ]
11 : [0.67 0.57 0.27]
12 : [0.58 0.89 0.64]
--------------------------

Epoch : 780
--------------------------
Node ----- Embedding -----

 0 : [0.23 0.12 0.28]
 1 : [0.11 0.58 0.23]
 2 : [0.09 0.39 0.61]
 3 : [0.11 0.42 0.59]
 4 : [0.52 0.22 0.54]
 5 : [0.36 0.62 0.15]
 6 : [0.41 1.   0.38]
 7 : [0.8  0.04 0.49]
 8 : [0.81 0.39 0.76]
 9 : [0.81 0.38 0.78]
10 : [0.59 0.34 0.  ]
11 : [0.67 0.56 0.27]
12 : [0.57 0.89 0.64]
--------------------------

Epoch : 790
--------------------------
Node ----- Embedding -----

 0 : [0.23 0.12 0.28]
 1 : [0.11 0.58 0.23]
 2 : [0.1  0.39 0.61]
 3 : [0.1  0.42 0.59]
 4 : [0.52 0.22 0.54]
 5 : [0.36 0.62 0.16]
 6 : [0.42 1.   0.39]
 7 : [0.8  0.04 0.49]
 8 : [0.8  0.38 0.76]
 9 : [0.8  0.38 0.78]
10 : [0.59 0.35 0.  ]
11 : [0.67 0.55 0.26]
12 : [0.56 0.89 0.64]
--------------------------

Epoch : 800
--------------------------
Node ----- Embedding -----

 0 : [0.24 0.14 0.29]
 1 : [0.11 0.59 0.24]
 2 : [0.1  0.4  0.62]
 3 : [0.11 0.43 0.6 ]
 4 : [0.53 0.23 0.56]
 5 : [0.37 0.62 0.16]
 6 : [0.42 1.   0.41]
 7 : [0.81 0.06 0.51]
 8 : [0.81 0.39 0.77]
 9 : [0.82 0.38 0.79]
10 : [0.6  0.35 0.  ]
11 : [0.68 0.55 0.25]
12 : [0.56 0.9  0.65]
--------------------------

Epoch : 810
--------------------------
Node ----- Embedding -----

 0 : [0.25 0.14 0.3 ]
 1 : [0.12 0.6  0.24]
 2 : [0.11 0.41 0.62]
 3 : [0.11 0.43 0.61]
 4 : [0.54 0.23 0.57]
 5 : [0.37 0.62 0.16]
 6 : [0.41 1.   0.42]
 7 : [0.81 0.06 0.52]
 8 : [0.81 0.4  0.78]
 9 : [0.82 0.38 0.8 ]
10 : [0.6  0.36 0.  ]
11 : [0.69 0.55 0.26]
12 : [0.56 0.9  0.65]
--------------------------

Epoch : 820
--------------------------
Node ----- Embedding -----

 0 : [0.26 0.14 0.31]
 1 : [0.13 0.62 0.24]
 2 : [0.12 0.43 0.62]
 3 : [0.12 0.44 0.62]
 4 : [0.55 0.23 0.57]
 5 : [0.37 0.63 0.16]
 6 : [0.4  1.   0.43]
 7 : [0.81 0.05 0.51]
 8 : [0.81 0.41 0.78]
 9 : [0.83 0.39 0.8 ]
10 : [0.6  0.36 0.  ]
11 : [0.7  0.55 0.27]
12 : [0.57 0.91 0.65]
--------------------------

Epoch : 830
--------------------------
Node ----- Embedding -----

 0 : [0.26 0.14 0.31]
 1 : [0.13 0.62 0.25]
 2 : [0.12 0.43 0.62]
 3 : [0.12 0.44 0.62]
 4 : [0.54 0.23 0.56]
 5 : [0.37 0.62 0.16]
 6 : [0.4  1.   0.43]
 7 : [0.81 0.05 0.51]
 8 : [0.81 0.41 0.78]
 9 : [0.82 0.4  0.8 ]
10 : [0.6  0.36 0.  ]
11 : [0.7  0.55 0.27]
12 : [0.57 0.92 0.65]
--------------------------

Epoch : 840
--------------------------
Node ----- Embedding -----

 0 : [0.24 0.13 0.31]
 1 : [0.11 0.61 0.25]
 2 : [0.1  0.43 0.61]
 3 : [0.11 0.43 0.61]
 4 : [0.52 0.22 0.56]
 5 : [0.36 0.62 0.15]
 6 : [0.39 1.   0.42]
 7 : [0.81 0.05 0.51]
 8 : [0.81 0.4  0.78]
 9 : [0.82 0.39 0.79]
10 : [0.6  0.36 0.  ]
11 : [0.7  0.56 0.28]
12 : [0.56 0.92 0.64]
--------------------------

Epoch : 850
--------------------------
Node ----- Embedding -----

 0 : [0.23 0.12 0.31]
 1 : [0.1  0.6  0.23]
 2 : [0.09 0.41 0.6 ]
 3 : [0.11 0.42 0.61]
 4 : [0.51 0.22 0.55]
 5 : [0.35 0.62 0.15]
 6 : [0.39 1.   0.41]
 7 : [0.8  0.05 0.5 ]
 8 : [0.8  0.39 0.78]
 9 : [0.82 0.39 0.78]
10 : [0.59 0.36 0.  ]
11 : [0.7  0.55 0.28]
12 : [0.56 0.91 0.63]
--------------------------

Epoch : 860
--------------------------
Node ----- Embedding -----

 0 : [0.22 0.12 0.3 ]
 1 : [0.11 0.59 0.23]
 2 : [0.1  0.41 0.61]
 3 : [0.12 0.42 0.61]
 4 : [0.51 0.21 0.56]
 5 : [0.35 0.62 0.16]
 6 : [0.39 1.   0.41]
 7 : [0.8  0.05 0.49]
 8 : [0.8  0.39 0.78]
 9 : [0.82 0.4  0.78]
10 : [0.59 0.35 0.  ]
11 : [0.7  0.55 0.28]
12 : [0.55 0.9  0.63]
--------------------------

Epoch : 870
--------------------------
Node ----- Embedding -----

 0 : [0.22 0.11 0.29]
 1 : [0.09 0.59 0.23]
 2 : [0.1  0.41 0.61]
 3 : [0.11 0.42 0.61]
 4 : [0.5  0.2  0.56]
 5 : [0.35 0.62 0.15]
 6 : [0.39 1.   0.42]
 7 : [0.81 0.05 0.49]
 8 : [0.81 0.39 0.78]
 9 : [0.81 0.4  0.78]
10 : [0.59 0.35 0.  ]
11 : [0.7  0.54 0.27]
12 : [0.55 0.91 0.64]
--------------------------

Epoch : 880
--------------------------
Node ----- Embedding -----

 0 : [0.22 0.11 0.29]
 1 : [0.1  0.59 0.22]
 2 : [0.1  0.42 0.62]
 3 : [0.12 0.43 0.61]
 4 : [0.5  0.21 0.55]
 5 : [0.36 0.63 0.15]
 6 : [0.39 1.   0.42]
 7 : [0.81 0.06 0.51]
 8 : [0.82 0.39 0.78]
 9 : [0.81 0.41 0.78]
10 : [0.59 0.37 0.  ]
11 : [0.71 0.54 0.26]
12 : [0.56 0.91 0.65]
--------------------------

Epoch : 890
--------------------------
Node ----- Embedding -----

 0 : [0.22 0.12 0.3 ]
 1 : [0.11 0.59 0.23]
 2 : [0.1  0.42 0.61]
 3 : [0.12 0.43 0.62]
 4 : [0.51 0.21 0.55]
 5 : [0.36 0.64 0.15]
 6 : [0.4  1.   0.42]
 7 : [0.81 0.07 0.52]
 8 : [0.82 0.39 0.78]
 9 : [0.8  0.41 0.78]
10 : [0.59 0.37 0.  ]
11 : [0.71 0.55 0.26]
12 : [0.56 0.91 0.65]
--------------------------

Epoch : 900
--------------------------
Node ----- Embedding -----

 0 : [0.22 0.13 0.3 ]
 1 : [0.12 0.59 0.23]
 2 : [0.1  0.41 0.61]
 3 : [0.13 0.42 0.61]
 4 : [0.52 0.21 0.55]
 5 : [0.35 0.63 0.14]
 6 : [0.4  1.   0.41]
 7 : [0.81 0.07 0.51]
 8 : [0.82 0.38 0.78]
 9 : [0.81 0.4  0.78]
10 : [0.59 0.36 0.  ]
11 : [0.7  0.55 0.26]
12 : [0.56 0.9  0.64]
--------------------------

Epoch : 910
--------------------------
Node ----- Embedding -----

 0 : [0.22 0.13 0.3 ]
 1 : [0.13 0.59 0.24]
 2 : [0.11 0.41 0.61]
 3 : [0.13 0.42 0.61]
 4 : [0.53 0.21 0.54]
 5 : [0.35 0.63 0.13]
 6 : [0.4 1.  0.4]
 7 : [0.81 0.07 0.51]
 8 : [0.82 0.38 0.78]
 9 : [0.81 0.39 0.78]
10 : [0.59 0.35 0.  ]
11 : [0.7  0.55 0.27]
12 : [0.56 0.89 0.63]
--------------------------

Epoch : 920
--------------------------
Node ----- Embedding -----

 0 : [0.23 0.13 0.3 ]
 1 : [0.13 0.59 0.25]
 2 : [0.12 0.42 0.6 ]
 3 : [0.13 0.43 0.61]
 4 : [0.53 0.22 0.54]
 5 : [0.36 0.64 0.15]
 6 : [0.4  1.   0.41]
 7 : [0.81 0.08 0.5 ]
 8 : [0.81 0.38 0.79]
 9 : [0.81 0.41 0.78]
10 : [0.59 0.35 0.  ]
11 : [0.71 0.54 0.27]
12 : [0.56 0.89 0.63]
--------------------------

Epoch : 930
--------------------------
Node ----- Embedding -----

 0 : [0.23 0.13 0.3 ]
 1 : [0.14 0.59 0.26]
 2 : [0.12 0.42 0.6 ]
 3 : [0.14 0.43 0.61]
 4 : [0.53 0.22 0.53]
 5 : [0.36 0.64 0.16]
 6 : [0.4  1.   0.42]
 7 : [0.8  0.08 0.5 ]
 8 : [0.82 0.38 0.8 ]
 9 : [0.81 0.41 0.79]
10 : [0.59 0.35 0.  ]
11 : [0.71 0.53 0.27]
12 : [0.57 0.89 0.63]
--------------------------

Epoch : 940
--------------------------
Node ----- Embedding -----

 0 : [0.22 0.12 0.3 ]
 1 : [0.13 0.58 0.26]
 2 : [0.1  0.42 0.6 ]
 3 : [0.13 0.42 0.61]
 4 : [0.52 0.22 0.54]
 5 : [0.36 0.63 0.15]
 6 : [0.4  1.   0.42]
 7 : [0.8  0.07 0.51]
 8 : [0.81 0.38 0.8 ]
 9 : [0.81 0.4  0.79]
10 : [0.59 0.35 0.  ]
11 : [0.7  0.53 0.26]
12 : [0.56 0.9  0.63]
--------------------------

Epoch : 950
--------------------------
Node ----- Embedding -----

 0 : [0.22 0.12 0.29]
 1 : [0.11 0.58 0.27]
 2 : [0.09 0.41 0.6 ]
 3 : [0.11 0.41 0.6 ]
 4 : [0.51 0.22 0.54]
 5 : [0.36 0.62 0.16]
 6 : [0.4  1.   0.42]
 7 : [0.8  0.06 0.51]
 8 : [0.81 0.38 0.8 ]
 9 : [0.8  0.39 0.79]
10 : [0.59 0.36 0.  ]
11 : [0.7  0.53 0.25]
12 : [0.56 0.9  0.63]
--------------------------

Epoch : 960
--------------------------
Node ----- Embedding -----

 0 : [0.23 0.12 0.29]
 1 : [0.11 0.58 0.27]
 2 : [0.09 0.42 0.59]
 3 : [0.11 0.41 0.59]
 4 : [0.51 0.22 0.54]
 5 : [0.35 0.61 0.16]
 6 : [0.4  1.   0.41]
 7 : [0.8  0.05 0.49]
 8 : [0.8  0.39 0.79]
 9 : [0.79 0.39 0.78]
10 : [0.59 0.35 0.  ]
11 : [0.69 0.54 0.24]
12 : [0.56 0.9  0.63]
--------------------------

Epoch : 970
--------------------------
Node ----- Embedding -----

 0 : [0.24 0.13 0.3 ]
 1 : [0.11 0.58 0.27]
 2 : [0.11 0.42 0.59]
 3 : [0.12 0.41 0.6 ]
 4 : [0.51 0.23 0.54]
 5 : [0.35 0.61 0.17]
 6 : [0.39 1.   0.41]
 7 : [0.79 0.04 0.49]
 8 : [0.8  0.39 0.79]
 9 : [0.79 0.39 0.78]
10 : [0.59 0.34 0.  ]
11 : [0.69 0.53 0.24]
12 : [0.56 0.9  0.63]
--------------------------

Epoch : 980
--------------------------
Node ----- Embedding -----

 0 : [0.24 0.13 0.3 ]
 1 : [0.12 0.58 0.26]
 2 : [0.12 0.42 0.6 ]
 3 : [0.13 0.41 0.6 ]
 4 : [0.52 0.22 0.54]
 5 : [0.35 0.61 0.18]
 6 : [0.39 1.   0.4 ]
 7 : [0.79 0.03 0.49]
 8 : [0.8  0.38 0.79]
 9 : [0.79 0.39 0.78]
10 : [0.59 0.35 0.  ]
11 : [0.69 0.54 0.25]
12 : [0.56 0.9  0.63]
--------------------------

Epoch : 990
--------------------------
Node ----- Embedding -----

 0 : [0.24 0.13 0.3 ]
 1 : [0.12 0.58 0.25]
 2 : [0.12 0.41 0.61]
 3 : [0.13 0.42 0.6 ]
 4 : [0.5  0.21 0.53]
 5 : [0.35 0.6  0.17]
 6 : [0.38 1.   0.4 ]
 7 : [0.79 0.03 0.49]
 8 : [0.8  0.37 0.78]
 9 : [0.78 0.4  0.78]
10 : [0.59 0.35 0.  ]
11 : [0.69 0.54 0.25]
12 : [0.55 0.89 0.63]
--------------------------

Epoch : 1000
--------------------------
Node ----- Embedding -----

 0 : [0.24 0.13 0.3 ]
 1 : [0.11 0.58 0.25]
 2 : [0.12 0.41 0.6 ]
 3 : [0.14 0.42 0.59]
 4 : [0.5  0.2  0.53]
 5 : [0.35 0.6  0.16]
 6 : [0.38 1.   0.39]
 7 : [0.79 0.03 0.5 ]
 8 : [0.79 0.37 0.77]
 9 : [0.79 0.38 0.78]
10 : [0.59 0.35 0.  ]
11 : [0.69 0.55 0.25]
12 : [0.55 0.88 0.63]
--------------------------

