Graph : 

x = tensor([ 0.,  1.,  2.,  3.,  4.,  5.,  6.,  7.,  8.,  9., 10., 11., 12.],
       dtype=torch.float64)
edge_index = tensor([[ 1,  0,  2,  0,  2,  1,  3,  0,  3,  2,  4,  0,  5,  1,  6,  1,  6,  5,
          8,  7,  9,  7,  7,  4,  9,  8,  7,  0,  3,  1, 10,  1, 11, 10, 10,  5,
          5,  0, 10,  0, 10,  7, 12,  6],
        [ 0,  1,  0,  2,  1,  2,  0,  3,  2,  3,  0,  4,  1,  5,  1,  6,  5,  6,
          7,  8,  7,  9,  4,  7,  8,  9,  0,  7,  1,  3,  1, 10, 10, 11,  5, 10,
          0,  5,  0, 10,  7, 10,  6, 12]])

---------------------------------
---------------------------------

Number of Epochs : 2000
---------------------------------
Epoch : 10
--------------------------
Node ----- Embedding -----

 0 : [0.42 0.49 0.53]
 1 : [1.   0.65 0.48]
 2 : [0.68 0.28 0.02]
 3 : [0.98 0.42 0.16]
 4 : [0.   0.78 0.43]
 5 : [0.26 0.54 0.66]
 6 : [0.99 0.54 0.63]
 7 : [0.35 0.12 0.67]
 8 : [0.28 0.09 0.56]
 9 : [0.42 0.32 0.77]
10 : [0.83 0.17 0.75]
11 : [0.49 0.82 0.64]
12 : [0.85 0.91 0.07]
--------------------------

Epoch : 20
--------------------------
Node ----- Embedding -----

 0 : [0.44 0.47 0.52]
 1 : [1.   0.64 0.5 ]
 2 : [0.68 0.3  0.02]
 3 : [0.98 0.44 0.17]
 4 : [0.   0.79 0.46]
 5 : [0.27 0.55 0.69]
 6 : [0.98 0.57 0.65]
 7 : [0.34 0.13 0.69]
 8 : [0.3  0.1  0.58]
 9 : [0.44 0.34 0.8 ]
10 : [0.82 0.18 0.79]
11 : [0.52 0.81 0.68]
12 : [0.85 0.93 0.07]
--------------------------

Epoch : 30
--------------------------
Node ----- Embedding -----

 0 : [0.46 0.45 0.5 ]
 1 : [1.   0.62 0.53]
 2 : [0.68 0.32 0.02]
 3 : [0.98 0.46 0.18]
 4 : [0.   0.81 0.48]
 5 : [0.29 0.56 0.73]
 6 : [0.98 0.6  0.67]
 7 : [0.33 0.14 0.71]
 8 : [0.31 0.1  0.61]
 9 : [0.46 0.35 0.82]
10 : [0.81 0.19 0.83]
11 : [0.55 0.8  0.71]
12 : [0.85 0.95 0.08]
--------------------------

Epoch : 40
--------------------------
Node ----- Embedding -----

 0 : [0.47 0.44 0.49]
 1 : [1.   0.59 0.55]
 2 : [0.68 0.33 0.03]
 3 : [0.98 0.48 0.18]
 4 : [0.   0.81 0.5 ]
 5 : [0.3  0.58 0.77]
 6 : [0.98 0.63 0.68]
 7 : [0.33 0.15 0.72]
 8 : [0.33 0.11 0.64]
 9 : [0.47 0.37 0.82]
10 : [0.8  0.2  0.87]
11 : [0.57 0.79 0.75]
12 : [0.86 0.98 0.09]
--------------------------

Epoch : 50
--------------------------
Node ----- Embedding -----

 0 : [0.48 0.42 0.47]
 1 : [0.99 0.56 0.56]
 2 : [0.69 0.34 0.04]
 3 : [0.97 0.49 0.19]
 4 : [0.   0.79 0.51]
 5 : [0.32 0.58 0.79]
 6 : [0.97 0.67 0.68]
 7 : [0.31 0.16 0.72]
 8 : [0.34 0.12 0.66]
 9 : [0.47 0.38 0.81]
10 : [0.79 0.21 0.9 ]
11 : [0.59 0.78 0.78]
12 : [0.86 1.   0.1 ]
--------------------------

Epoch : 60
--------------------------
Node ----- Embedding -----

 0 : [0.49 0.41 0.47]
 1 : [0.97 0.54 0.57]
 2 : [0.68 0.35 0.05]
 3 : [0.95 0.5  0.2 ]
 4 : [0.   0.77 0.51]
 5 : [0.33 0.59 0.8 ]
 6 : [0.95 0.69 0.68]
 7 : [0.31 0.17 0.72]
 8 : [0.35 0.13 0.66]
 9 : [0.47 0.38 0.79]
10 : [0.77 0.22 0.92]
11 : [0.61 0.76 0.8 ]
12 : [0.86 1.   0.11]
--------------------------

Epoch : 70
--------------------------
Node ----- Embedding -----

 0 : [0.48 0.39 0.46]
 1 : [0.95 0.51 0.57]
 2 : [0.67 0.36 0.05]
 3 : [0.93 0.5  0.2 ]
 4 : [0.   0.75 0.51]
 5 : [0.35 0.59 0.81]
 6 : [0.93 0.71 0.68]
 7 : [0.3  0.18 0.7 ]
 8 : [0.36 0.14 0.66]
 9 : [0.47 0.39 0.76]
10 : [0.75 0.22 0.94]
11 : [0.61 0.73 0.82]
12 : [0.85 1.   0.12]
--------------------------

Epoch : 80
--------------------------
Node ----- Embedding -----

 0 : [0.47 0.37 0.45]
 1 : [0.93 0.48 0.57]
 2 : [0.67 0.36 0.06]
 3 : [0.91 0.49 0.2 ]
 4 : [0.   0.73 0.49]
 5 : [0.35 0.58 0.8 ]
 6 : [0.91 0.72 0.67]
 7 : [0.29 0.18 0.68]
 8 : [0.36 0.14 0.66]
 9 : [0.45 0.38 0.74]
10 : [0.73 0.22 0.95]
11 : [0.62 0.71 0.83]
12 : [0.83 1.   0.13]
--------------------------

Epoch : 90
--------------------------
Node ----- Embedding -----

 0 : [0.46 0.34 0.44]
 1 : [0.91 0.45 0.57]
 2 : [0.66 0.36 0.07]
 3 : [0.88 0.48 0.2 ]
 4 : [0.   0.7  0.47]
 5 : [0.36 0.58 0.8 ]
 6 : [0.89 0.73 0.66]
 7 : [0.26 0.17 0.66]
 8 : [0.36 0.15 0.65]
 9 : [0.43 0.37 0.71]
10 : [0.71 0.22 0.94]
11 : [0.61 0.69 0.83]
12 : [0.81 1.   0.14]
--------------------------

Epoch : 100
--------------------------
Node ----- Embedding -----

 0 : [0.45 0.32 0.43]
 1 : [0.89 0.42 0.56]
 2 : [0.66 0.36 0.08]
 3 : [0.86 0.47 0.2 ]
 4 : [0.   0.67 0.46]
 5 : [0.37 0.58 0.8 ]
 6 : [0.87 0.74 0.65]
 7 : [0.24 0.17 0.65]
 8 : [0.36 0.15 0.65]
 9 : [0.41 0.36 0.69]
10 : [0.69 0.21 0.95]
11 : [0.61 0.67 0.84]
12 : [0.79 1.   0.15]
--------------------------

Epoch : 110
--------------------------
Node ----- Embedding -----

 0 : [0.45 0.3  0.43]
 1 : [0.88 0.41 0.55]
 2 : [0.67 0.36 0.08]
 3 : [0.84 0.45 0.2 ]
 4 : [0.   0.65 0.44]
 5 : [0.38 0.58 0.8 ]
 6 : [0.86 0.76 0.65]
 7 : [0.22 0.17 0.65]
 8 : [0.36 0.16 0.64]
 9 : [0.39 0.35 0.68]
10 : [0.68 0.21 0.95]
11 : [0.61 0.66 0.85]
12 : [0.77 1.   0.16]
--------------------------

Epoch : 120
--------------------------
Node ----- Embedding -----

 0 : [0.44 0.28 0.42]
 1 : [0.87 0.39 0.54]
 2 : [0.66 0.35 0.09]
 3 : [0.82 0.43 0.2 ]
 4 : [0.   0.63 0.43]
 5 : [0.39 0.57 0.8 ]
 6 : [0.85 0.77 0.64]
 7 : [0.2  0.18 0.64]
 8 : [0.35 0.17 0.63]
 9 : [0.37 0.34 0.65]
10 : [0.67 0.21 0.95]
11 : [0.61 0.65 0.85]
12 : [0.75 1.   0.17]
--------------------------

Epoch : 130
--------------------------
Node ----- Embedding -----

 0 : [0.43 0.25 0.41]
 1 : [0.86 0.37 0.54]
 2 : [0.66 0.35 0.1 ]
 3 : [0.8  0.41 0.2 ]
 4 : [0.  0.6 0.4]
 5 : [0.39 0.56 0.78]
 6 : [0.83 0.78 0.63]
 7 : [0.18 0.17 0.63]
 8 : [0.35 0.18 0.61]
 9 : [0.35 0.34 0.62]
10 : [0.65 0.21 0.94]
11 : [0.6  0.63 0.85]
12 : [0.72 1.   0.18]
--------------------------

Epoch : 140
--------------------------
Node ----- Embedding -----

 0 : [0.42 0.23 0.4 ]
 1 : [0.86 0.36 0.53]
 2 : [0.66 0.34 0.09]
 3 : [0.79 0.38 0.19]
 4 : [0.   0.58 0.38]
 5 : [0.39 0.54 0.77]
 6 : [0.82 0.79 0.62]
 7 : [0.16 0.17 0.62]
 8 : [0.33 0.18 0.59]
 9 : [0.33 0.33 0.6 ]
10 : [0.63 0.2  0.93]
11 : [0.59 0.62 0.84]
12 : [0.7  1.   0.18]
--------------------------

Epoch : 150
--------------------------
Node ----- Embedding -----

 0 : [0.42 0.2  0.4 ]
 1 : [0.85 0.35 0.52]
 2 : [0.69 0.33 0.09]
 3 : [0.78 0.36 0.18]
 4 : [0.   0.56 0.37]
 5 : [0.4  0.54 0.76]
 6 : [0.81 0.8  0.61]
 7 : [0.14 0.17 0.61]
 8 : [0.32 0.18 0.58]
 9 : [0.31 0.32 0.58]
10 : [0.62 0.2  0.92]
11 : [0.58 0.61 0.84]
12 : [0.68 1.   0.19]
--------------------------

Epoch : 160
--------------------------
Node ----- Embedding -----

 0 : [0.41 0.18 0.4 ]
 1 : [0.84 0.34 0.52]
 2 : [0.69 0.32 0.09]
 3 : [0.76 0.35 0.18]
 4 : [0.   0.54 0.35]
 5 : [0.41 0.53 0.75]
 6 : [0.8  0.79 0.59]
 7 : [0.12 0.16 0.6 ]
 8 : [0.31 0.19 0.56]
 9 : [0.29 0.32 0.56]
10 : [0.6 0.2 0.9]
11 : [0.57 0.59 0.82]
12 : [0.66 1.   0.19]
--------------------------

Epoch : 170
--------------------------
Node ----- Embedding -----

 0 : [0.41 0.17 0.41]
 1 : [0.84 0.33 0.53]
 2 : [0.7  0.31 0.09]
 3 : [0.75 0.33 0.17]
 4 : [0.   0.53 0.34]
 5 : [0.42 0.51 0.75]
 6 : [0.79 0.8  0.59]
 7 : [0.1  0.15 0.6 ]
 8 : [0.29 0.19 0.55]
 9 : [0.27 0.31 0.55]
10 : [0.59 0.19 0.91]
11 : [0.57 0.58 0.83]
12 : [0.63 1.   0.19]
--------------------------

Epoch : 180
--------------------------
Node ----- Embedding -----

 0 : [0.41 0.15 0.4 ]
 1 : [0.84 0.32 0.53]
 2 : [0.7  0.3  0.09]
 3 : [0.74 0.32 0.17]
 4 : [0.   0.52 0.33]
 5 : [0.42 0.5  0.75]
 6 : [0.79 0.8  0.6 ]
 7 : [0.08 0.14 0.6 ]
 8 : [0.27 0.2  0.54]
 9 : [0.24 0.31 0.53]
10 : [0.58 0.18 0.92]
11 : [0.56 0.57 0.83]
12 : [0.61 1.   0.2 ]
--------------------------

Epoch : 190
--------------------------
Node ----- Embedding -----

 0 : [0.41 0.14 0.39]
 1 : [0.84 0.32 0.53]
 2 : [0.7  0.29 0.08]
 3 : [0.73 0.3  0.17]
 4 : [0.   0.49 0.32]
 5 : [0.43 0.49 0.74]
 6 : [0.78 0.81 0.61]
 7 : [0.07 0.14 0.6 ]
 8 : [0.26 0.2  0.52]
 9 : [0.22 0.31 0.51]
10 : [0.57 0.18 0.92]
11 : [0.55 0.56 0.82]
12 : [0.59 1.   0.2 ]
--------------------------

Epoch : 200
--------------------------
Node ----- Embedding -----

 0 : [0.41 0.12 0.39]
 1 : [0.85 0.31 0.53]
 2 : [0.71 0.28 0.08]
 3 : [0.72 0.28 0.16]
 4 : [0.   0.46 0.31]
 5 : [0.44 0.48 0.75]
 6 : [0.77 0.81 0.61]
 7 : [0.06 0.13 0.58]
 8 : [0.23 0.2  0.5 ]
 9 : [0.19 0.31 0.49]
10 : [0.56 0.17 0.93]
11 : [0.55 0.55 0.81]
12 : [0.57 1.   0.2 ]
--------------------------

Epoch : 210
--------------------------
Node ----- Embedding -----

 0 : [0.41 0.09 0.39]
 1 : [0.85 0.29 0.52]
 2 : [0.71 0.26 0.07]
 3 : [0.71 0.25 0.15]
 4 : [0.   0.44 0.3 ]
 5 : [0.44 0.47 0.74]
 6 : [0.76 0.81 0.6 ]
 7 : [0.05 0.13 0.56]
 8 : [0.2  0.2  0.47]
 9 : [0.16 0.3  0.46]
10 : [0.55 0.16 0.92]
11 : [0.54 0.54 0.8 ]
12 : [0.56 1.   0.2 ]
--------------------------

Epoch : 220
--------------------------
Node ----- Embedding -----

 0 : [0.42 0.06 0.39]
 1 : [0.87 0.28 0.51]
 2 : [0.73 0.24 0.06]
 3 : [0.71 0.23 0.13]
 4 : [0.   0.41 0.28]
 5 : [0.45 0.46 0.74]
 6 : [0.76 0.82 0.6 ]
 7 : [0.03 0.12 0.55]
 8 : [0.17 0.2  0.45]
 9 : [0.14 0.3  0.44]
10 : [0.55 0.15 0.92]
11 : [0.54 0.54 0.8 ]
12 : [0.55 1.   0.2 ]
--------------------------

Epoch : 230
--------------------------
Node ----- Embedding -----

 0 : [0.41 0.03 0.38]
 1 : [0.87 0.25 0.51]
 2 : [0.74 0.22 0.05]
 3 : [0.71 0.21 0.11]
 4 : [0.   0.39 0.27]
 5 : [0.45 0.44 0.74]
 6 : [0.75 0.82 0.58]
 7 : [0.   0.1  0.54]
 8 : [0.14 0.2  0.42]
 9 : [0.1  0.3  0.41]
10 : [0.53 0.13 0.93]
11 : [0.52 0.52 0.79]
12 : [0.53 1.   0.19]
--------------------------

Epoch : 240
--------------------------
Node ----- Embedding -----

 0 : [0.42 0.02 0.39]
 1 : [0.88 0.24 0.52]
 2 : [0.74 0.22 0.06]
 3 : [0.72 0.21 0.11]
 4 : [0.02 0.37 0.28]
 5 : [0.47 0.43 0.75]
 6 : [0.74 0.82 0.59]
 7 : [0.   0.1  0.56]
 8 : [0.13 0.22 0.41]
 9 : [0.08 0.31 0.4 ]
10 : [0.53 0.14 0.93]
11 : [0.51 0.52 0.79]
12 : [0.52 1.   0.2 ]
--------------------------

Epoch : 250
--------------------------
Node ----- Embedding -----

 0 : [0.44 0.   0.39]
 1 : [0.88 0.24 0.52]
 2 : [0.73 0.21 0.06]
 3 : [0.71 0.2  0.11]
 4 : [0.04 0.35 0.28]
 5 : [0.48 0.43 0.75]
 6 : [0.74 0.82 0.59]
 7 : [0.01 0.11 0.55]
 8 : [0.11 0.24 0.39]
 9 : [0.06 0.33 0.37]
10 : [0.53 0.13 0.93]
11 : [0.5  0.51 0.77]
12 : [0.51 1.   0.2 ]
--------------------------

Epoch : 260
--------------------------
Node ----- Embedding -----

 0 : [0.46 0.   0.41]
 1 : [0.89 0.25 0.54]
 2 : [0.71 0.22 0.08]
 3 : [0.72 0.21 0.13]
 4 : [0.07 0.33 0.29]
 5 : [0.49 0.43 0.76]
 6 : [0.74 0.83 0.61]
 7 : [0.02 0.13 0.55]
 8 : [0.1  0.26 0.39]
 9 : [0.05 0.35 0.37]
10 : [0.52 0.15 0.92]
11 : [0.5  0.52 0.76]
12 : [0.5  1.   0.22]
--------------------------

Epoch : 270
--------------------------
Node ----- Embedding -----

 0 : [0.47 0.   0.42]
 1 : [0.9  0.27 0.55]
 2 : [0.71 0.23 0.09]
 3 : [0.72 0.22 0.14]
 4 : [0.09 0.33 0.3 ]
 5 : [0.51 0.43 0.76]
 6 : [0.74 0.82 0.61]
 7 : [0.02 0.14 0.54]
 8 : [0.09 0.28 0.38]
 9 : [0.05 0.36 0.36]
10 : [0.52 0.16 0.92]
11 : [0.49 0.52 0.75]
12 : [0.5  1.   0.24]
--------------------------

Epoch : 280
--------------------------
Node ----- Embedding -----

 0 : [0.49 0.   0.44]
 1 : [0.91 0.27 0.56]
 2 : [0.72 0.23 0.1 ]
 3 : [0.73 0.23 0.14]
 4 : [0.11 0.32 0.31]
 5 : [0.53 0.42 0.77]
 6 : [0.74 0.83 0.62]
 7 : [0.02 0.15 0.53]
 8 : [0.07 0.3  0.37]
 9 : [0.03 0.37 0.36]
10 : [0.52 0.16 0.92]
11 : [0.49 0.52 0.75]
12 : [0.5  1.   0.25]
--------------------------

Epoch : 290
--------------------------
Node ----- Embedding -----

 0 : [0.5  0.   0.45]
 1 : [0.93 0.28 0.56]
 2 : [0.74 0.24 0.11]
 3 : [0.73 0.23 0.15]
 4 : [0.13 0.31 0.32]
 5 : [0.54 0.42 0.79]
 6 : [0.74 0.83 0.62]
 7 : [0.03 0.16 0.53]
 8 : [0.06 0.32 0.36]
 9 : [0.03 0.39 0.35]
10 : [0.52 0.17 0.92]
11 : [0.49 0.53 0.75]
12 : [0.5  1.   0.26]
--------------------------

Epoch : 300
--------------------------
Node ----- Embedding -----

 0 : [0.5  0.   0.46]
 1 : [0.93 0.28 0.56]
 2 : [0.74 0.24 0.12]
 3 : [0.74 0.24 0.15]
 4 : [0.15 0.3  0.33]
 5 : [0.55 0.41 0.8 ]
 6 : [0.74 0.84 0.62]
 7 : [0.03 0.15 0.53]
 8 : [0.05 0.33 0.34]
 9 : [0.04 0.41 0.35]
10 : [0.51 0.18 0.93]
11 : [0.48 0.52 0.75]
12 : [0.5  1.   0.26]
--------------------------

Epoch : 310
--------------------------
Node ----- Embedding -----

 0 : [0.52 0.   0.48]
 1 : [0.95 0.3  0.57]
 2 : [0.77 0.25 0.13]
 3 : [0.75 0.25 0.16]
 4 : [0.18 0.29 0.35]
 5 : [0.58 0.42 0.82]
 6 : [0.76 0.86 0.64]
 7 : [0.04 0.16 0.54]
 8 : [0.05 0.36 0.34]
 9 : [0.04 0.43 0.35]
10 : [0.52 0.19 0.94]
11 : [0.48 0.53 0.76]
12 : [0.51 1.   0.28]
--------------------------

Epoch : 320
--------------------------
Node ----- Embedding -----

 0 : [0.54 0.   0.49]
 1 : [0.96 0.32 0.58]
 2 : [0.79 0.25 0.15]
 3 : [0.75 0.26 0.17]
 4 : [0.2  0.28 0.38]
 5 : [0.6  0.44 0.83]
 6 : [0.77 0.87 0.65]
 7 : [0.05 0.17 0.55]
 8 : [0.05 0.39 0.34]
 9 : [0.05 0.46 0.35]
10 : [0.52 0.21 0.96]
11 : [0.48 0.54 0.78]
12 : [0.52 1.   0.3 ]
--------------------------

Epoch : 330
--------------------------
Node ----- Embedding -----

 0 : [0.55 0.   0.49]
 1 : [0.95 0.32 0.58]
 2 : [0.78 0.26 0.15]
 3 : [0.75 0.27 0.18]
 4 : [0.22 0.27 0.39]
 5 : [0.6  0.45 0.82]
 6 : [0.76 0.87 0.64]
 7 : [0.05 0.17 0.54]
 8 : [0.05 0.4  0.34]
 9 : [0.06 0.47 0.34]
10 : [0.5  0.22 0.95]
11 : [0.48 0.54 0.77]
12 : [0.52 1.   0.3 ]
--------------------------

Epoch : 340
--------------------------
Node ----- Embedding -----

 0 : [0.56 0.   0.5 ]
 1 : [0.95 0.32 0.58]
 2 : [0.78 0.27 0.16]
 3 : [0.75 0.28 0.19]
 4 : [0.24 0.26 0.41]
 5 : [0.61 0.46 0.81]
 6 : [0.76 0.87 0.63]
 7 : [0.06 0.17 0.53]
 8 : [0.06 0.42 0.34]
 9 : [0.06 0.48 0.33]
10 : [0.5  0.23 0.94]
11 : [0.47 0.54 0.77]
12 : [0.53 1.   0.31]
--------------------------

Epoch : 350
--------------------------
Node ----- Embedding -----

 0 : [0.57 0.   0.51]
 1 : [0.95 0.34 0.59]
 2 : [0.77 0.28 0.17]
 3 : [0.76 0.28 0.19]
 4 : [0.26 0.26 0.42]
 5 : [0.62 0.47 0.81]
 6 : [0.76 0.88 0.63]
 7 : [0.06 0.18 0.54]
 8 : [0.07 0.44 0.34]
 9 : [0.07 0.49 0.33]
10 : [0.5  0.24 0.95]
11 : [0.47 0.54 0.77]
12 : [0.53 1.   0.33]
--------------------------

Epoch : 360
--------------------------
Node ----- Embedding -----

 0 : [0.6  0.   0.53]
 1 : [0.96 0.36 0.61]
 2 : [0.77 0.3  0.19]
 3 : [0.77 0.29 0.21]
 4 : [0.28 0.26 0.43]
 5 : [0.64 0.48 0.82]
 6 : [0.78 0.89 0.64]
 7 : [0.08 0.2  0.55]
 8 : [0.09 0.46 0.35]
 9 : [0.08 0.51 0.35]
10 : [0.51 0.26 0.95]
11 : [0.47 0.56 0.78]
12 : [0.54 1.   0.35]
--------------------------

Epoch : 370
--------------------------
Node ----- Embedding -----

 0 : [0.61 0.   0.55]
 1 : [0.98 0.37 0.62]
 2 : [0.78 0.3  0.2 ]
 3 : [0.78 0.3  0.22]
 4 : [0.28 0.26 0.44]
 5 : [0.66 0.49 0.83]
 6 : [0.79 0.9  0.64]
 7 : [0.07 0.2  0.56]
 8 : [0.08 0.48 0.35]
 9 : [0.07 0.52 0.34]
10 : [0.51 0.26 0.95]
11 : [0.47 0.56 0.79]
12 : [0.54 1.   0.36]
--------------------------

Epoch : 380
--------------------------
Node ----- Embedding -----

 0 : [0.62 0.   0.54]
 1 : [0.98 0.37 0.62]
 2 : [0.78 0.3  0.2 ]
 3 : [0.78 0.31 0.22]
 4 : [0.28 0.25 0.43]
 5 : [0.67 0.5  0.84]
 6 : [0.8  0.9  0.64]
 7 : [0.04 0.19 0.56]
 8 : [0.08 0.48 0.35]
 9 : [0.06 0.52 0.33]
10 : [0.5  0.26 0.96]
11 : [0.46 0.56 0.79]
12 : [0.55 1.   0.36]
--------------------------

Epoch : 390
--------------------------
Node ----- Embedding -----

 0 : [0.62 0.   0.54]
 1 : [0.99 0.37 0.63]
 2 : [0.8 0.3 0.2]
 3 : [0.78 0.31 0.23]
 4 : [0.29 0.24 0.43]
 5 : [0.68 0.49 0.85]
 6 : [0.8  0.9  0.64]
 7 : [0.04 0.18 0.57]
 8 : [0.08 0.49 0.35]
 9 : [0.07 0.52 0.32]
10 : [0.5  0.26 0.97]
11 : [0.45 0.56 0.79]
12 : [0.56 1.   0.36]
--------------------------

Epoch : 400
--------------------------
Node ----- Embedding -----

 0 : [0.64 0.   0.55]
 1 : [1.   0.37 0.64]
 2 : [0.81 0.29 0.2 ]
 3 : [0.79 0.3  0.22]
 4 : [0.29 0.24 0.41]
 5 : [0.69 0.49 0.85]
 6 : [0.81 0.91 0.64]
 7 : [0.03 0.18 0.58]
 8 : [0.07 0.5  0.35]
 9 : [0.06 0.53 0.32]
10 : [0.5  0.26 0.99]
11 : [0.45 0.56 0.8 ]
12 : [0.56 1.   0.37]
--------------------------

Epoch : 410
--------------------------
Node ----- Embedding -----

 0 : [0.64 0.   0.55]
 1 : [1.   0.37 0.64]
 2 : [0.8  0.29 0.2 ]
 3 : [0.79 0.3  0.23]
 4 : [0.3  0.24 0.4 ]
 5 : [0.69 0.48 0.84]
 6 : [0.8  0.91 0.63]
 7 : [0.03 0.18 0.58]
 8 : [0.07 0.51 0.35]
 9 : [0.06 0.53 0.31]
10 : [0.5  0.26 1.  ]
11 : [0.44 0.56 0.79]
12 : [0.55 0.98 0.37]
--------------------------

Epoch : 420
--------------------------
Node ----- Embedding -----

 0 : [0.65 0.   0.56]
 1 : [1.   0.37 0.64]
 2 : [0.81 0.29 0.21]
 3 : [0.8  0.3  0.24]
 4 : [0.31 0.24 0.41]
 5 : [0.7  0.48 0.84]
 6 : [0.81 0.92 0.64]
 7 : [0.04 0.18 0.57]
 8 : [0.08 0.52 0.35]
 9 : [0.07 0.54 0.33]
10 : [0.5  0.27 1.  ]
11 : [0.44 0.57 0.79]
12 : [0.56 0.98 0.38]
--------------------------

Epoch : 430
--------------------------
Node ----- Embedding -----

 0 : [0.65 0.   0.57]
 1 : [1.   0.38 0.65]
 2 : [0.81 0.31 0.23]
 3 : [0.81 0.31 0.25]
 4 : [0.33 0.25 0.43]
 5 : [0.71 0.49 0.83]
 6 : [0.82 0.93 0.65]
 7 : [0.06 0.19 0.57]
 8 : [0.09 0.53 0.36]
 9 : [0.08 0.55 0.33]
10 : [0.51 0.28 1.  ]
11 : [0.44 0.57 0.79]
12 : [0.57 0.98 0.39]
--------------------------

Epoch : 440
--------------------------
Node ----- Embedding -----

 0 : [0.66 0.   0.57]
 1 : [1.   0.4  0.65]
 2 : [0.8  0.32 0.25]
 3 : [0.81 0.32 0.26]
 4 : [0.34 0.25 0.44]
 5 : [0.72 0.5  0.83]
 6 : [0.82 0.94 0.65]
 7 : [0.07 0.2  0.58]
 8 : [0.11 0.55 0.36]
 9 : [0.09 0.56 0.34]
10 : [0.52 0.29 1.  ]
11 : [0.44 0.58 0.8 ]
12 : [0.57 0.98 0.4 ]
--------------------------

Epoch : 450
--------------------------
Node ----- Embedding -----

 0 : [0.66 0.   0.58]
 1 : [1.   0.42 0.66]
 2 : [0.81 0.33 0.26]
 3 : [0.82 0.33 0.27]
 4 : [0.35 0.27 0.44]
 5 : [0.74 0.53 0.84]
 6 : [0.82 0.95 0.66]
 7 : [0.09 0.22 0.58]
 8 : [0.11 0.56 0.36]
 9 : [0.11 0.57 0.35]
10 : [0.53 0.3  1.  ]
11 : [0.44 0.59 0.81]
12 : [0.59 0.98 0.41]
--------------------------

Epoch : 460
--------------------------
Node ----- Embedding -----

 0 : [0.67 0.   0.58]
 1 : [0.99 0.43 0.65]
 2 : [0.81 0.33 0.26]
 3 : [0.82 0.33 0.27]
 4 : [0.34 0.26 0.44]
 5 : [0.74 0.54 0.85]
 6 : [0.82 0.95 0.65]
 7 : [0.07 0.22 0.57]
 8 : [0.1  0.56 0.36]
 9 : [0.11 0.57 0.36]
10 : [0.53 0.3  1.  ]
11 : [0.44 0.58 0.82]
12 : [0.6  0.99 0.41]
--------------------------

Epoch : 470
--------------------------
Node ----- Embedding -----

 0 : [0.67 0.   0.58]
 1 : [0.99 0.42 0.65]
 2 : [0.81 0.33 0.26]
 3 : [0.82 0.32 0.26]
 4 : [0.35 0.26 0.43]
 5 : [0.74 0.53 0.85]
 6 : [0.82 0.95 0.65]
 7 : [0.06 0.22 0.55]
 8 : [0.1  0.56 0.35]
 9 : [0.11 0.57 0.35]
10 : [0.52 0.3  1.  ]
11 : [0.44 0.58 0.82]
12 : [0.59 0.99 0.41]
--------------------------

Epoch : 480
--------------------------
Node ----- Embedding -----

 0 : [0.67 0.   0.58]
 1 : [0.99 0.43 0.65]
 2 : [0.81 0.33 0.26]
 3 : [0.82 0.32 0.26]
 4 : [0.35 0.25 0.44]
 5 : [0.75 0.51 0.85]
 6 : [0.82 0.96 0.64]
 7 : [0.06 0.21 0.56]
 8 : [0.09 0.57 0.35]
 9 : [0.1  0.58 0.35]
10 : [0.51 0.3  1.  ]
11 : [0.43 0.57 0.81]
12 : [0.59 0.98 0.41]
--------------------------

Epoch : 490
--------------------------
Node ----- Embedding -----

 0 : [0.66 0.   0.58]
 1 : [0.98 0.43 0.65]
 2 : [0.81 0.33 0.26]
 3 : [0.82 0.31 0.26]
 4 : [0.36 0.24 0.45]
 5 : [0.75 0.5  0.84]
 6 : [0.82 0.96 0.64]
 7 : [0.07 0.21 0.57]
 8 : [0.09 0.57 0.35]
 9 : [0.1  0.58 0.35]
10 : [0.5  0.29 1.  ]
11 : [0.42 0.57 0.81]
12 : [0.59 0.98 0.41]
--------------------------

Epoch : 500
--------------------------
Node ----- Embedding -----

 0 : [0.66 0.   0.58]
 1 : [0.98 0.41 0.65]
 2 : [0.81 0.32 0.25]
 3 : [0.81 0.31 0.24]
 4 : [0.36 0.24 0.44]
 5 : [0.74 0.5  0.83]
 6 : [0.81 0.96 0.63]
 7 : [0.06 0.21 0.57]
 8 : [0.09 0.56 0.34]
 9 : [0.1  0.57 0.33]
10 : [0.49 0.29 1.  ]
11 : [0.42 0.56 0.81]
12 : [0.58 0.97 0.41]
--------------------------

Epoch : 510
--------------------------
Node ----- Embedding -----

 0 : [0.65 0.   0.58]
 1 : [0.97 0.4  0.64]
 2 : [0.8  0.32 0.25]
 3 : [0.8  0.31 0.24]
 4 : [0.36 0.25 0.43]
 5 : [0.74 0.51 0.83]
 6 : [0.8  0.94 0.63]
 7 : [0.05 0.21 0.56]
 8 : [0.09 0.56 0.33]
 9 : [0.09 0.56 0.32]
10 : [0.49 0.29 1.  ]
11 : [0.41 0.56 0.8 ]
12 : [0.56 0.96 0.4 ]
--------------------------

Epoch : 520
--------------------------
Node ----- Embedding -----

 0 : [0.65 0.   0.56]
 1 : [0.97 0.39 0.63]
 2 : [0.79 0.31 0.25]
 3 : [0.79 0.3  0.24]
 4 : [0.36 0.25 0.42]
 5 : [0.73 0.51 0.83]
 6 : [0.79 0.93 0.62]
 7 : [0.04 0.2  0.55]
 8 : [0.09 0.56 0.33]
 9 : [0.08 0.56 0.31]
10 : [0.48 0.29 1.  ]
11 : [0.4  0.55 0.8 ]
12 : [0.55 0.94 0.4 ]
--------------------------

Epoch : 530
--------------------------
Node ----- Embedding -----

 0 : [0.65 0.   0.56]
 1 : [0.97 0.38 0.63]
 2 : [0.78 0.31 0.24]
 3 : [0.79 0.29 0.23]
 4 : [0.36 0.23 0.42]
 5 : [0.73 0.51 0.83]
 6 : [0.79 0.92 0.62]
 7 : [0.05 0.19 0.54]
 8 : [0.08 0.56 0.31]
 9 : [0.07 0.55 0.29]
10 : [0.48 0.28 1.  ]
11 : [0.4  0.55 0.79]
12 : [0.54 0.92 0.4 ]
--------------------------

Epoch : 540
--------------------------
Node ----- Embedding -----

 0 : [0.65 0.   0.55]
 1 : [0.97 0.38 0.63]
 2 : [0.78 0.3  0.23]
 3 : [0.78 0.28 0.23]
 4 : [0.35 0.21 0.42]
 5 : [0.73 0.5  0.81]
 6 : [0.79 0.91 0.61]
 7 : [0.05 0.18 0.54]
 8 : [0.08 0.56 0.3 ]
 9 : [0.06 0.55 0.28]
10 : [0.47 0.28 1.  ]
11 : [0.39 0.54 0.79]
12 : [0.54 0.92 0.39]
--------------------------

Epoch : 550
--------------------------
Node ----- Embedding -----

 0 : [0.65 0.   0.57]
 1 : [0.97 0.38 0.64]
 2 : [0.78 0.31 0.24]
 3 : [0.79 0.29 0.24]
 4 : [0.35 0.22 0.42]
 5 : [0.74 0.49 0.81]
 6 : [0.8  0.92 0.61]
 7 : [0.04 0.18 0.53]
 8 : [0.08 0.56 0.31]
 9 : [0.06 0.55 0.29]
10 : [0.47 0.28 1.  ]
11 : [0.39 0.55 0.79]
12 : [0.55 0.92 0.4 ]
--------------------------

Epoch : 560
--------------------------
Node ----- Embedding -----

 0 : [0.65 0.   0.57]
 1 : [0.97 0.39 0.63]
 2 : [0.78 0.31 0.24]
 3 : [0.79 0.29 0.24]
 4 : [0.35 0.22 0.41]
 5 : [0.73 0.48 0.8 ]
 6 : [0.8  0.92 0.61]
 7 : [0.04 0.17 0.53]
 8 : [0.08 0.56 0.32]
 9 : [0.06 0.55 0.29]
10 : [0.47 0.28 1.  ]
11 : [0.38 0.54 0.79]
12 : [0.56 0.92 0.4 ]
--------------------------

Epoch : 570
--------------------------
Node ----- Embedding -----

 0 : [0.64 0.   0.57]
 1 : [0.96 0.4  0.63]
 2 : [0.77 0.32 0.25]
 3 : [0.78 0.3  0.25]
 4 : [0.35 0.23 0.41]
 5 : [0.73 0.49 0.8 ]
 6 : [0.79 0.9  0.6 ]
 7 : [0.05 0.17 0.54]
 8 : [0.09 0.56 0.33]
 9 : [0.08 0.55 0.31]
10 : [0.47 0.28 1.  ]
11 : [0.38 0.54 0.78]
12 : [0.56 0.91 0.4 ]
--------------------------

Epoch : 580
--------------------------
Node ----- Embedding -----

 0 : [0.64 0.   0.56]
 1 : [0.95 0.4  0.63]
 2 : [0.76 0.31 0.24]
 3 : [0.78 0.31 0.25]
 4 : [0.34 0.22 0.41]
 5 : [0.73 0.48 0.8 ]
 6 : [0.79 0.9  0.59]
 7 : [0.04 0.17 0.53]
 8 : [0.08 0.55 0.32]
 9 : [0.08 0.55 0.3 ]
10 : [0.47 0.28 1.  ]
11 : [0.38 0.54 0.78]
12 : [0.55 0.91 0.4 ]
--------------------------

Epoch : 590
--------------------------
Node ----- Embedding -----

 0 : [0.64 0.   0.56]
 1 : [0.94 0.4  0.63]
 2 : [0.77 0.31 0.25]
 3 : [0.78 0.31 0.25]
 4 : [0.34 0.22 0.4 ]
 5 : [0.74 0.49 0.8 ]
 6 : [0.79 0.91 0.6 ]
 7 : [0.04 0.18 0.53]
 8 : [0.07 0.55 0.31]
 9 : [0.08 0.55 0.3 ]
10 : [0.47 0.28 1.  ]
11 : [0.38 0.55 0.78]
12 : [0.55 0.92 0.4 ]
--------------------------

Epoch : 600
--------------------------
Node ----- Embedding -----

 0 : [0.65 0.   0.55]
 1 : [0.94 0.4  0.63]
 2 : [0.79 0.31 0.25]
 3 : [0.79 0.31 0.26]
 4 : [0.34 0.23 0.41]
 5 : [0.74 0.5  0.8 ]
 6 : [0.79 0.91 0.6 ]
 7 : [0.06 0.18 0.54]
 8 : [0.08 0.56 0.31]
 9 : [0.09 0.56 0.31]
10 : [0.47 0.28 1.  ]
11 : [0.39 0.55 0.79]
12 : [0.55 0.92 0.4 ]
--------------------------

Epoch : 610
--------------------------
Node ----- Embedding -----

 0 : [0.65 0.   0.55]
 1 : [0.95 0.39 0.63]
 2 : [0.8  0.3  0.25]
 3 : [0.79 0.3  0.26]
 4 : [0.35 0.23 0.41]
 5 : [0.74 0.49 0.8 ]
 6 : [0.79 0.91 0.59]
 7 : [0.06 0.18 0.54]
 8 : [0.09 0.56 0.31]
 9 : [0.1  0.56 0.32]
10 : [0.47 0.28 1.  ]
11 : [0.39 0.55 0.79]
12 : [0.55 0.92 0.4 ]
--------------------------

Epoch : 620
--------------------------
Node ----- Embedding -----

 0 : [0.66 0.   0.55]
 1 : [0.96 0.41 0.65]
 2 : [0.81 0.3  0.25]
 3 : [0.8  0.31 0.27]
 4 : [0.35 0.23 0.42]
 5 : [0.75 0.49 0.81]
 6 : [0.8  0.92 0.6 ]
 7 : [0.06 0.18 0.54]
 8 : [0.09 0.57 0.32]
 9 : [0.1  0.56 0.33]
10 : [0.47 0.29 1.  ]
11 : [0.39 0.56 0.79]
12 : [0.55 0.92 0.41]
--------------------------

Epoch : 630
--------------------------
Node ----- Embedding -----

 0 : [0.66 0.   0.55]
 1 : [0.96 0.42 0.65]
 2 : [0.8  0.3  0.24]
 3 : [0.8  0.31 0.26]
 4 : [0.34 0.22 0.41]
 5 : [0.75 0.49 0.8 ]
 6 : [0.81 0.92 0.59]
 7 : [0.04 0.17 0.53]
 8 : [0.08 0.57 0.31]
 9 : [0.09 0.56 0.33]
10 : [0.47 0.29 1.  ]
11 : [0.39 0.55 0.79]
12 : [0.56 0.93 0.41]
--------------------------

Epoch : 640
--------------------------
Node ----- Embedding -----

 0 : [0.65 0.   0.55]
 1 : [0.95 0.41 0.64]
 2 : [0.8  0.3  0.25]
 3 : [0.79 0.31 0.26]
 4 : [0.33 0.21 0.4 ]
 5 : [0.75 0.49 0.78]
 6 : [0.8  0.91 0.57]
 7 : [0.03 0.17 0.52]
 8 : [0.07 0.56 0.3 ]
 9 : [0.08 0.55 0.32]
10 : [0.47 0.28 1.  ]
11 : [0.38 0.54 0.79]
12 : [0.55 0.92 0.4 ]
--------------------------

Epoch : 650
--------------------------
Node ----- Embedding -----

 0 : [0.65 0.   0.55]
 1 : [0.95 0.41 0.63]
 2 : [0.8  0.3  0.25]
 3 : [0.78 0.31 0.26]
 4 : [0.33 0.21 0.4 ]
 5 : [0.74 0.49 0.77]
 6 : [0.79 0.91 0.57]
 7 : [0.03 0.16 0.52]
 8 : [0.08 0.56 0.3 ]
 9 : [0.08 0.55 0.31]
10 : [0.46 0.28 1.  ]
11 : [0.39 0.54 0.78]
12 : [0.55 0.92 0.4 ]
--------------------------

Epoch : 660
--------------------------
Node ----- Embedding -----

 0 : [0.65 0.   0.55]
 1 : [0.94 0.4  0.64]
 2 : [0.79 0.3  0.24]
 3 : [0.77 0.31 0.26]
 4 : [0.33 0.21 0.39]
 5 : [0.74 0.49 0.77]
 6 : [0.79 0.9  0.57]
 7 : [0.03 0.17 0.52]
 8 : [0.09 0.56 0.31]
 9 : [0.07 0.55 0.3 ]
10 : [0.46 0.28 1.  ]
11 : [0.39 0.54 0.77]
12 : [0.54 0.92 0.4 ]
--------------------------

Epoch : 670
--------------------------
Node ----- Embedding -----

 0 : [0.65 0.   0.57]
 1 : [0.95 0.41 0.65]
 2 : [0.79 0.31 0.25]
 3 : [0.77 0.32 0.27]
 4 : [0.35 0.22 0.4 ]
 5 : [0.74 0.49 0.78]
 6 : [0.79 0.9  0.58]
 7 : [0.05 0.18 0.53]
 8 : [0.11 0.57 0.32]
 9 : [0.08 0.55 0.3 ]
10 : [0.47 0.29 1.  ]
11 : [0.39 0.55 0.78]
12 : [0.54 0.92 0.41]
--------------------------

Epoch : 680
--------------------------
Node ----- Embedding -----

 0 : [0.65 0.   0.56]
 1 : [0.94 0.4  0.65]
 2 : [0.78 0.31 0.26]
 3 : [0.77 0.33 0.28]
 4 : [0.35 0.22 0.39]
 5 : [0.74 0.49 0.78]
 6 : [0.79 0.89 0.59]
 7 : [0.06 0.19 0.51]
 8 : [0.11 0.57 0.32]
 9 : [0.08 0.55 0.3 ]
10 : [0.48 0.28 1.  ]
11 : [0.39 0.55 0.78]
12 : [0.53 0.91 0.4 ]
--------------------------

Epoch : 690
--------------------------
Node ----- Embedding -----

 0 : [0.64 0.   0.55]
 1 : [0.94 0.39 0.64]
 2 : [0.77 0.31 0.25]
 3 : [0.76 0.32 0.27]
 4 : [0.34 0.21 0.39]
 5 : [0.74 0.5  0.78]
 6 : [0.78 0.88 0.59]
 7 : [0.06 0.18 0.5 ]
 8 : [0.1  0.56 0.32]
 9 : [0.08 0.55 0.29]
10 : [0.48 0.28 1.  ]
11 : [0.38 0.55 0.78]
12 : [0.53 0.9  0.4 ]
--------------------------

Epoch : 700
--------------------------
Node ----- Embedding -----

 0 : [0.64 0.   0.56]
 1 : [0.94 0.4  0.64]
 2 : [0.77 0.32 0.26]
 3 : [0.77 0.33 0.27]
 4 : [0.34 0.22 0.39]
 5 : [0.74 0.5  0.77]
 6 : [0.78 0.89 0.59]
 7 : [0.07 0.18 0.52]
 8 : [0.1  0.56 0.33]
 9 : [0.09 0.56 0.3 ]
10 : [0.47 0.28 1.  ]
11 : [0.38 0.56 0.79]
12 : [0.54 0.91 0.4 ]
--------------------------

Epoch : 710
--------------------------
Node ----- Embedding -----

 0 : [0.66 0.   0.57]
 1 : [0.96 0.4  0.64]
 2 : [0.79 0.33 0.27]
 3 : [0.79 0.32 0.27]
 4 : [0.34 0.22 0.4 ]
 5 : [0.75 0.51 0.78]
 6 : [0.8  0.91 0.6 ]
 7 : [0.06 0.19 0.53]
 8 : [0.1  0.57 0.34]
 9 : [0.09 0.58 0.31]
10 : [0.47 0.29 1.  ]
11 : [0.38 0.57 0.8 ]
12 : [0.55 0.94 0.41]
--------------------------

Epoch : 720
--------------------------
Node ----- Embedding -----

 0 : [0.67 0.   0.57]
 1 : [0.97 0.41 0.64]
 2 : [0.8  0.34 0.28]
 3 : [0.81 0.33 0.28]
 4 : [0.35 0.23 0.41]
 5 : [0.77 0.52 0.8 ]
 6 : [0.81 0.93 0.61]
 7 : [0.05 0.19 0.54]
 8 : [0.1  0.57 0.34]
 9 : [0.1  0.59 0.32]
10 : [0.48 0.3  1.  ]
11 : [0.39 0.58 0.82]
12 : [0.57 0.97 0.42]
--------------------------

Epoch : 730
--------------------------
Node ----- Embedding -----

 0 : [0.67 0.   0.57]
 1 : [0.97 0.41 0.64]
 2 : [0.81 0.34 0.28]
 3 : [0.81 0.32 0.28]
 4 : [0.36 0.23 0.42]
 5 : [0.77 0.51 0.8 ]
 6 : [0.82 0.94 0.61]
 7 : [0.05 0.18 0.54]
 8 : [0.1  0.57 0.33]
 9 : [0.1  0.59 0.32]
10 : [0.48 0.3  1.  ]
11 : [0.39 0.58 0.83]
12 : [0.57 0.97 0.42]
--------------------------

Epoch : 740
--------------------------
Node ----- Embedding -----

 0 : [0.66 0.   0.57]
 1 : [0.96 0.4  0.64]
 2 : [0.79 0.33 0.27]
 3 : [0.81 0.32 0.28]
 4 : [0.37 0.23 0.42]
 5 : [0.77 0.49 0.8 ]
 6 : [0.81 0.93 0.61]
 7 : [0.03 0.18 0.54]
 8 : [0.09 0.57 0.31]
 9 : [0.09 0.57 0.31]
10 : [0.48 0.29 1.  ]
11 : [0.38 0.57 0.81]
12 : [0.56 0.95 0.41]
--------------------------

Epoch : 750
--------------------------
Node ----- Embedding -----

 0 : [0.64 0.   0.56]
 1 : [0.94 0.39 0.62]
 2 : [0.77 0.33 0.26]
 3 : [0.8  0.31 0.26]
 4 : [0.36 0.22 0.41]
 5 : [0.76 0.48 0.79]
 6 : [0.8  0.92 0.6 ]
 7 : [0.03 0.17 0.54]
 8 : [0.08 0.56 0.31]
 9 : [0.09 0.56 0.3 ]
10 : [0.46 0.28 1.  ]
11 : [0.37 0.56 0.81]
12 : [0.55 0.94 0.4 ]
--------------------------

Epoch : 760
--------------------------
Node ----- Embedding -----

 0 : [0.64 0.   0.56]
 1 : [0.94 0.38 0.61]
 2 : [0.77 0.32 0.26]
 3 : [0.79 0.3  0.25]
 4 : [0.36 0.22 0.4 ]
 5 : [0.75 0.48 0.79]
 6 : [0.8  0.92 0.6 ]
 7 : [0.02 0.16 0.53]
 8 : [0.07 0.55 0.3 ]
 9 : [0.09 0.55 0.3 ]
10 : [0.46 0.28 1.  ]
11 : [0.37 0.55 0.8 ]
12 : [0.54 0.92 0.4 ]
--------------------------

Epoch : 770
--------------------------
Node ----- Embedding -----

 0 : [0.64 0.   0.56]
 1 : [0.94 0.38 0.61]
 2 : [0.77 0.32 0.26]
 3 : [0.78 0.3  0.25]
 4 : [0.35 0.23 0.4 ]
 5 : [0.75 0.48 0.78]
 6 : [0.8  0.92 0.59]
 7 : [0.03 0.16 0.52]
 8 : [0.08 0.55 0.3 ]
 9 : [0.09 0.54 0.3 ]
10 : [0.46 0.27 1.  ]
11 : [0.36 0.55 0.79]
12 : [0.54 0.92 0.4 ]
--------------------------

Epoch : 780
--------------------------
Node ----- Embedding -----

 0 : [0.64 0.   0.56]
 1 : [0.95 0.39 0.62]
 2 : [0.78 0.32 0.26]
 3 : [0.78 0.3  0.25]
 4 : [0.36 0.23 0.4 ]
 5 : [0.75 0.49 0.79]
 6 : [0.82 0.94 0.61]
 7 : [0.05 0.18 0.52]
 8 : [0.09 0.56 0.3 ]
 9 : [0.1  0.55 0.31]
10 : [0.47 0.29 1.  ]
11 : [0.36 0.56 0.79]
12 : [0.54 0.92 0.41]
--------------------------

Epoch : 790
--------------------------
Node ----- Embedding -----

 0 : [0.65 0.   0.56]
 1 : [0.96 0.39 0.64]
 2 : [0.78 0.32 0.27]
 3 : [0.78 0.31 0.25]
 4 : [0.37 0.22 0.41]
 5 : [0.76 0.49 0.79]
 6 : [0.83 0.95 0.62]
 7 : [0.04 0.17 0.52]
 8 : [0.09 0.56 0.31]
 9 : [0.09 0.55 0.31]
10 : [0.48 0.29 1.  ]
11 : [0.36 0.57 0.79]
12 : [0.54 0.93 0.41]
--------------------------

Epoch : 800
--------------------------
Node ----- Embedding -----

 0 : [0.65 0.   0.55]
 1 : [0.95 0.38 0.63]
 2 : [0.78 0.31 0.26]
 3 : [0.77 0.31 0.24]
 4 : [0.36 0.21 0.4 ]
 5 : [0.76 0.49 0.78]
 6 : [0.83 0.95 0.61]
 7 : [0.04 0.16 0.52]
 8 : [0.08 0.55 0.3 ]
 9 : [0.09 0.55 0.31]
10 : [0.46 0.27 1.  ]
11 : [0.35 0.56 0.79]
12 : [0.54 0.92 0.41]
--------------------------

Epoch : 810
--------------------------
Node ----- Embedding -----

 0 : [0.65 0.   0.55]
 1 : [0.94 0.38 0.63]
 2 : [0.78 0.31 0.26]
 3 : [0.77 0.3  0.24]
 4 : [0.35 0.21 0.41]
 5 : [0.75 0.48 0.77]
 6 : [0.83 0.94 0.61]
 7 : [0.04 0.16 0.53]
 8 : [0.09 0.55 0.3 ]
 9 : [0.1  0.56 0.31]
10 : [0.45 0.27 1.  ]
11 : [0.35 0.56 0.79]
12 : [0.54 0.91 0.4 ]
--------------------------

Epoch : 820
--------------------------
Node ----- Embedding -----

 0 : [0.65 0.   0.56]
 1 : [0.93 0.38 0.62]
 2 : [0.77 0.31 0.26]
 3 : [0.78 0.3  0.25]
 4 : [0.35 0.21 0.43]
 5 : [0.75 0.47 0.77]
 6 : [0.82 0.94 0.6 ]
 7 : [0.04 0.16 0.53]
 8 : [0.09 0.55 0.3 ]
 9 : [0.09 0.55 0.31]
10 : [0.45 0.27 1.  ]
11 : [0.35 0.55 0.78]
12 : [0.54 0.9  0.4 ]
--------------------------

Epoch : 830
--------------------------
Node ----- Embedding -----

 0 : [0.66 0.   0.56]
 1 : [0.93 0.38 0.62]
 2 : [0.77 0.32 0.27]
 3 : [0.78 0.31 0.25]
 4 : [0.36 0.23 0.44]
 5 : [0.75 0.48 0.78]
 6 : [0.82 0.94 0.59]
 7 : [0.04 0.17 0.53]
 8 : [0.1  0.56 0.31]
 9 : [0.09 0.56 0.31]
10 : [0.46 0.27 1.  ]
11 : [0.35 0.55 0.79]
12 : [0.54 0.9  0.41]
--------------------------

Epoch : 840
--------------------------
Node ----- Embedding -----

 0 : [0.67 0.   0.56]
 1 : [0.94 0.39 0.63]
 2 : [0.77 0.32 0.27]
 3 : [0.78 0.3  0.26]
 4 : [0.36 0.24 0.44]
 5 : [0.75 0.49 0.78]
 6 : [0.82 0.93 0.6 ]
 7 : [0.06 0.17 0.53]
 8 : [0.11 0.56 0.32]
 9 : [0.09 0.57 0.3 ]
10 : [0.46 0.28 1.  ]
11 : [0.36 0.55 0.78]
12 : [0.53 0.9  0.41]
--------------------------

Epoch : 850
--------------------------
Node ----- Embedding -----

 0 : [0.66 0.   0.55]
 1 : [0.93 0.4  0.63]
 2 : [0.77 0.32 0.27]
 3 : [0.77 0.3  0.26]
 4 : [0.37 0.25 0.43]
 5 : [0.75 0.5  0.78]
 6 : [0.81 0.92 0.59]
 7 : [0.06 0.17 0.54]
 8 : [0.1  0.55 0.32]
 9 : [0.1  0.57 0.31]
10 : [0.45 0.28 1.  ]
11 : [0.36 0.56 0.78]
12 : [0.53 0.91 0.41]
--------------------------

Epoch : 860
--------------------------
Node ----- Embedding -----

 0 : [0.64 0.   0.54]
 1 : [0.92 0.39 0.61]
 2 : [0.76 0.31 0.26]
 3 : [0.76 0.29 0.26]
 4 : [0.36 0.24 0.42]
 5 : [0.74 0.49 0.77]
 6 : [0.8  0.91 0.58]
 7 : [0.06 0.16 0.52]
 8 : [0.1  0.54 0.3 ]
 9 : [0.1  0.56 0.3 ]
10 : [0.45 0.27 1.  ]
11 : [0.36 0.55 0.76]
12 : [0.53 0.9  0.41]
--------------------------

Epoch : 870
--------------------------
Node ----- Embedding -----

 0 : [0.63 0.   0.54]
 1 : [0.92 0.39 0.61]
 2 : [0.77 0.31 0.25]
 3 : [0.76 0.3  0.25]
 4 : [0.35 0.24 0.41]
 5 : [0.73 0.49 0.76]
 6 : [0.8  0.9  0.58]
 7 : [0.05 0.15 0.51]
 8 : [0.09 0.54 0.29]
 9 : [0.08 0.55 0.3 ]
10 : [0.45 0.27 1.  ]
11 : [0.35 0.55 0.75]
12 : [0.53 0.89 0.41]
--------------------------

Epoch : 880
--------------------------
Node ----- Embedding -----

 0 : [0.63 0.   0.53]
 1 : [0.92 0.39 0.61]
 2 : [0.77 0.3  0.24]
 3 : [0.76 0.3  0.24]
 4 : [0.33 0.23 0.4 ]
 5 : [0.73 0.49 0.76]
 6 : [0.81 0.9  0.57]
 7 : [0.04 0.15 0.51]
 8 : [0.08 0.53 0.29]
 9 : [0.07 0.54 0.29]
10 : [0.45 0.26 1.  ]
11 : [0.33 0.55 0.75]
12 : [0.54 0.89 0.4 ]
--------------------------

Epoch : 890
--------------------------
Node ----- Embedding -----

 0 : [0.62 0.   0.54]
 1 : [0.92 0.39 0.61]
 2 : [0.77 0.3  0.24]
 3 : [0.76 0.3  0.24]
 4 : [0.32 0.22 0.4 ]
 5 : [0.73 0.48 0.76]
 6 : [0.8  0.89 0.57]
 7 : [0.04 0.15 0.5 ]
 8 : [0.08 0.53 0.29]
 9 : [0.08 0.53 0.29]
10 : [0.45 0.26 1.  ]
11 : [0.33 0.55 0.75]
12 : [0.54 0.89 0.4 ]
--------------------------

Epoch : 900
--------------------------
Node ----- Embedding -----

 0 : [0.62 0.   0.55]
 1 : [0.93 0.39 0.61]
 2 : [0.78 0.3  0.24]
 3 : [0.77 0.31 0.24]
 4 : [0.32 0.21 0.4 ]
 5 : [0.74 0.49 0.77]
 6 : [0.8  0.9  0.59]
 7 : [0.04 0.14 0.52]
 8 : [0.08 0.53 0.3 ]
 9 : [0.09 0.53 0.3 ]
10 : [0.45 0.26 1.  ]
11 : [0.34 0.56 0.76]
12 : [0.55 0.89 0.41]
--------------------------

Epoch : 910
--------------------------
Node ----- Embedding -----

 0 : [0.62 0.   0.55]
 1 : [0.93 0.38 0.61]
 2 : [0.78 0.3  0.23]
 3 : [0.76 0.31 0.23]
 4 : [0.3 0.2 0.4]
 5 : [0.74 0.48 0.78]
 6 : [0.8  0.91 0.59]
 7 : [0.02 0.13 0.53]
 8 : [0.07 0.53 0.29]
 9 : [0.08 0.53 0.29]
10 : [0.44 0.25 1.  ]
11 : [0.33 0.56 0.77]
12 : [0.54 0.9  0.4 ]
--------------------------

Epoch : 920
--------------------------
Node ----- Embedding -----

 0 : [0.62 0.   0.55]
 1 : [0.92 0.38 0.6 ]
 2 : [0.78 0.29 0.23]
 3 : [0.76 0.3  0.23]
 4 : [0.3  0.21 0.4 ]
 5 : [0.74 0.46 0.77]
 6 : [0.79 0.89 0.56]
 7 : [0.02 0.13 0.52]
 8 : [0.06 0.53 0.28]
 9 : [0.08 0.52 0.29]
10 : [0.44 0.25 1.  ]
11 : [0.32 0.55 0.77]
12 : [0.53 0.89 0.4 ]
--------------------------

Epoch : 930
--------------------------
Node ----- Embedding -----

 0 : [0.63 0.   0.54]
 1 : [0.92 0.37 0.61]
 2 : [0.77 0.3  0.24]
 3 : [0.76 0.29 0.24]
 4 : [0.31 0.22 0.4 ]
 5 : [0.74 0.47 0.76]
 6 : [0.78 0.88 0.56]
 7 : [0.02 0.14 0.51]
 8 : [0.08 0.53 0.3 ]
 9 : [0.09 0.52 0.29]
10 : [0.44 0.25 1.  ]
11 : [0.32 0.55 0.77]
12 : [0.52 0.9  0.4 ]
--------------------------

Epoch : 940
--------------------------
Node ----- Embedding -----

 0 : [0.64 0.   0.55]
 1 : [0.93 0.37 0.62]
 2 : [0.78 0.31 0.24]
 3 : [0.77 0.29 0.25]
 4 : [0.33 0.23 0.41]
 5 : [0.74 0.49 0.77]
 6 : [0.79 0.89 0.57]
 7 : [0.03 0.14 0.52]
 8 : [0.1  0.54 0.31]
 9 : [0.1  0.53 0.3 ]
10 : [0.45 0.26 1.  ]
11 : [0.34 0.56 0.78]
12 : [0.54 0.92 0.41]
--------------------------

Epoch : 950
--------------------------
Node ----- Embedding -----

 0 : [0.64 0.   0.55]
 1 : [0.94 0.36 0.62]
 2 : [0.78 0.31 0.24]
 3 : [0.79 0.28 0.25]
 4 : [0.34 0.23 0.41]
 5 : [0.75 0.49 0.77]
 6 : [0.79 0.9  0.58]
 7 : [0.03 0.15 0.53]
 8 : [0.1  0.54 0.31]
 9 : [0.1  0.53 0.3 ]
10 : [0.45 0.27 1.  ]
11 : [0.34 0.56 0.79]
12 : [0.55 0.93 0.41]
--------------------------

Epoch : 960
--------------------------
Node ----- Embedding -----

 0 : [0.65 0.   0.55]
 1 : [0.95 0.36 0.61]
 2 : [0.79 0.31 0.25]
 3 : [0.8  0.28 0.25]
 4 : [0.34 0.24 0.41]
 5 : [0.75 0.5  0.79]
 6 : [0.79 0.89 0.58]
 7 : [0.03 0.17 0.52]
 8 : [0.1  0.54 0.31]
 9 : [0.1  0.54 0.31]
10 : [0.46 0.28 1.  ]
11 : [0.36 0.56 0.8 ]
12 : [0.54 0.92 0.41]
--------------------------

Epoch : 970
--------------------------
Node ----- Embedding -----

 0 : [0.66 0.   0.56]
 1 : [0.94 0.37 0.62]
 2 : [0.78 0.31 0.26]
 3 : [0.79 0.29 0.26]
 4 : [0.35 0.26 0.4 ]
 5 : [0.75 0.5  0.79]
 6 : [0.79 0.89 0.58]
 7 : [0.04 0.18 0.51]
 8 : [0.11 0.54 0.33]
 9 : [0.11 0.54 0.32]
10 : [0.47 0.27 1.  ]
11 : [0.36 0.56 0.8 ]
12 : [0.54 0.92 0.41]
--------------------------

Epoch : 980
--------------------------
Node ----- Embedding -----

 0 : [0.66 0.   0.57]
 1 : [0.94 0.39 0.63]
 2 : [0.77 0.32 0.26]
 3 : [0.79 0.3  0.27]
 4 : [0.36 0.26 0.4 ]
 5 : [0.76 0.51 0.8 ]
 6 : [0.8  0.91 0.59]
 7 : [0.04 0.18 0.52]
 8 : [0.11 0.55 0.33]
 9 : [0.11 0.54 0.32]
10 : [0.47 0.28 1.  ]
11 : [0.37 0.58 0.8 ]
12 : [0.54 0.93 0.42]
--------------------------

Epoch : 990
--------------------------
Node ----- Embedding -----

 0 : [0.67 0.   0.57]
 1 : [0.94 0.4  0.64]
 2 : [0.78 0.31 0.26]
 3 : [0.79 0.3  0.27]
 4 : [0.36 0.25 0.41]
 5 : [0.76 0.51 0.8 ]
 6 : [0.8  0.91 0.6 ]
 7 : [0.05 0.18 0.52]
 8 : [0.11 0.55 0.32]
 9 : [0.11 0.55 0.32]
10 : [0.48 0.28 1.  ]
11 : [0.38 0.59 0.8 ]
12 : [0.55 0.95 0.42]
--------------------------

Epoch : 1000
--------------------------
Node ----- Embedding -----

 0 : [0.67 0.   0.57]
 1 : [0.93 0.4  0.63]
 2 : [0.78 0.3  0.25]
 3 : [0.78 0.31 0.27]
 4 : [0.36 0.25 0.4 ]
 5 : [0.76 0.51 0.8 ]
 6 : [0.8  0.91 0.6 ]
 7 : [0.05 0.17 0.52]
 8 : [0.11 0.55 0.31]
 9 : [0.1  0.55 0.32]
10 : [0.47 0.29 1.  ]
11 : [0.38 0.58 0.8 ]
12 : [0.55 0.95 0.42]
--------------------------

Epoch : 1010
--------------------------
Node ----- Embedding -----

 0 : [0.67 0.   0.57]
 1 : [0.94 0.38 0.64]
 2 : [0.78 0.3  0.24]
 3 : [0.78 0.31 0.27]
 4 : [0.36 0.25 0.41]
 5 : [0.76 0.5  0.79]
 6 : [0.8  0.91 0.6 ]
 7 : [0.04 0.17 0.53]
 8 : [0.1  0.56 0.3 ]
 9 : [0.11 0.55 0.32]
10 : [0.47 0.28 1.  ]
11 : [0.37 0.57 0.81]
12 : [0.54 0.96 0.41]
--------------------------

Epoch : 1020
--------------------------
Node ----- Embedding -----

 0 : [0.67 0.   0.58]
 1 : [0.95 0.37 0.63]
 2 : [0.78 0.31 0.23]
 3 : [0.79 0.3  0.25]
 4 : [0.35 0.25 0.41]
 5 : [0.76 0.49 0.79]
 6 : [0.81 0.91 0.59]
 7 : [0.04 0.16 0.54]
 8 : [0.09 0.55 0.28]
 9 : [0.1  0.55 0.31]
10 : [0.46 0.27 1.  ]
11 : [0.36 0.56 0.8 ]
12 : [0.53 0.95 0.41]
--------------------------

Epoch : 1030
--------------------------
Node ----- Embedding -----

 0 : [0.67 0.   0.58]
 1 : [0.95 0.37 0.63]
 2 : [0.78 0.31 0.23]
 3 : [0.79 0.29 0.24]
 4 : [0.35 0.24 0.42]
 5 : [0.76 0.48 0.79]
 6 : [0.82 0.91 0.58]
 7 : [0.03 0.15 0.55]
 8 : [0.09 0.54 0.28]
 9 : [0.1  0.55 0.31]
10 : [0.44 0.26 1.  ]
11 : [0.35 0.55 0.8 ]
12 : [0.54 0.95 0.41]
--------------------------

Epoch : 1040
--------------------------
Node ----- Embedding -----

 0 : [0.66 0.   0.57]
 1 : [0.96 0.38 0.63]
 2 : [0.79 0.3  0.23]
 3 : [0.79 0.3  0.24]
 4 : [0.34 0.24 0.42]
 5 : [0.76 0.49 0.8 ]
 6 : [0.83 0.91 0.59]
 7 : [0.03 0.15 0.54]
 8 : [0.08 0.54 0.28]
 9 : [0.08 0.54 0.31]
10 : [0.44 0.27 1.  ]
11 : [0.35 0.54 0.8 ]
12 : [0.54 0.95 0.4 ]
--------------------------

Epoch : 1050
--------------------------
Node ----- Embedding -----

 0 : [0.65 0.   0.55]
 1 : [0.94 0.38 0.62]
 2 : [0.78 0.3  0.24]
 3 : [0.78 0.29 0.23]
 4 : [0.33 0.23 0.42]
 5 : [0.75 0.49 0.79]
 6 : [0.82 0.91 0.59]
 7 : [0.02 0.15 0.52]
 8 : [0.07 0.54 0.28]
 9 : [0.08 0.54 0.3 ]
10 : [0.44 0.27 1.  ]
11 : [0.34 0.54 0.78]
12 : [0.54 0.94 0.4 ]
--------------------------

Epoch : 1060
--------------------------
Node ----- Embedding -----

 0 : [0.64 0.   0.54]
 1 : [0.94 0.39 0.62]
 2 : [0.78 0.3  0.24]
 3 : [0.78 0.3  0.23]
 4 : [0.32 0.22 0.42]
 5 : [0.75 0.5  0.79]
 6 : [0.82 0.91 0.59]
 7 : [0.02 0.15 0.52]
 8 : [0.07 0.54 0.28]
 9 : [0.07 0.54 0.3 ]
10 : [0.45 0.27 1.  ]
11 : [0.34 0.54 0.78]
12 : [0.55 0.94 0.4 ]
--------------------------

Epoch : 1070
--------------------------
Node ----- Embedding -----

 0 : [0.65 0.   0.55]
 1 : [0.95 0.4  0.64]
 2 : [0.79 0.31 0.26]
 3 : [0.79 0.3  0.24]
 4 : [0.34 0.23 0.44]
 5 : [0.77 0.51 0.79]
 6 : [0.82 0.92 0.6 ]
 7 : [0.04 0.16 0.53]
 8 : [0.09 0.55 0.29]
 9 : [0.09 0.56 0.3 ]
10 : [0.46 0.28 1.  ]
11 : [0.35 0.55 0.79]
12 : [0.56 0.95 0.41]
--------------------------

Epoch : 1080
--------------------------
Node ----- Embedding -----

 0 : [0.65 0.   0.56]
 1 : [0.94 0.39 0.64]
 2 : [0.79 0.31 0.26]
 3 : [0.79 0.3  0.25]
 4 : [0.36 0.23 0.43]
 5 : [0.77 0.51 0.79]
 6 : [0.81 0.92 0.6 ]
 7 : [0.06 0.16 0.54]
 8 : [0.09 0.55 0.29]
 9 : [0.1  0.56 0.3 ]
10 : [0.47 0.28 1.  ]
11 : [0.36 0.55 0.79]
12 : [0.56 0.95 0.41]
--------------------------

Epoch : 1090
--------------------------
Node ----- Embedding -----

 0 : [0.65 0.   0.57]
 1 : [0.94 0.4  0.64]
 2 : [0.8  0.32 0.26]
 3 : [0.8  0.29 0.25]
 4 : [0.37 0.25 0.43]
 5 : [0.77 0.52 0.8 ]
 6 : [0.81 0.92 0.61]
 7 : [0.07 0.17 0.54]
 8 : [0.1  0.56 0.3 ]
 9 : [0.11 0.57 0.3 ]
10 : [0.47 0.29 1.  ]
11 : [0.38 0.56 0.8 ]
12 : [0.57 0.97 0.42]
--------------------------

Epoch : 1100
--------------------------
Node ----- Embedding -----

 0 : [0.67 0.   0.58]
 1 : [0.94 0.4  0.64]
 2 : [0.8  0.32 0.27]
 3 : [0.8  0.3  0.25]
 4 : [0.37 0.26 0.44]
 5 : [0.77 0.51 0.8 ]
 6 : [0.8  0.92 0.61]
 7 : [0.07 0.19 0.54]
 8 : [0.09 0.56 0.3 ]
 9 : [0.1  0.56 0.31]
10 : [0.48 0.29 1.  ]
11 : [0.38 0.56 0.8 ]
12 : [0.58 0.96 0.42]
--------------------------

Epoch : 1110
--------------------------
Node ----- Embedding -----

 0 : [0.67 0.   0.58]
 1 : [0.95 0.39 0.64]
 2 : [0.79 0.32 0.27]
 3 : [0.8  0.31 0.24]
 4 : [0.36 0.26 0.43]
 5 : [0.77 0.5  0.8 ]
 6 : [0.8  0.91 0.61]
 7 : [0.04 0.19 0.54]
 8 : [0.08 0.56 0.3 ]
 9 : [0.08 0.55 0.31]
10 : [0.47 0.28 1.  ]
11 : [0.36 0.55 0.79]
12 : [0.58 0.96 0.41]
--------------------------

Epoch : 1120
--------------------------
Node ----- Embedding -----

 0 : [0.67 0.   0.58]
 1 : [0.95 0.39 0.64]
 2 : [0.78 0.32 0.27]
 3 : [0.79 0.32 0.25]
 4 : [0.36 0.25 0.42]
 5 : [0.77 0.5  0.79]
 6 : [0.8  0.91 0.6 ]
 7 : [0.03 0.18 0.54]
 8 : [0.08 0.55 0.31]
 9 : [0.07 0.55 0.3 ]
10 : [0.46 0.28 1.  ]
11 : [0.36 0.55 0.79]
12 : [0.58 0.96 0.41]
--------------------------

Epoch : 1130
--------------------------
Node ----- Embedding -----

 0 : [0.66 0.   0.57]
 1 : [0.96 0.39 0.64]
 2 : [0.78 0.33 0.26]
 3 : [0.79 0.31 0.26]
 4 : [0.36 0.24 0.43]
 5 : [0.77 0.5  0.79]
 6 : [0.8  0.91 0.6 ]
 7 : [0.04 0.17 0.53]
 8 : [0.09 0.55 0.31]
 9 : [0.07 0.55 0.3 ]
10 : [0.46 0.28 1.  ]
11 : [0.37 0.55 0.79]
12 : [0.58 0.96 0.42]
--------------------------

Epoch : 1140
--------------------------
Node ----- Embedding -----

 0 : [0.65 0.   0.56]
 1 : [0.96 0.4  0.63]
 2 : [0.79 0.31 0.26]
 3 : [0.79 0.29 0.25]
 4 : [0.35 0.23 0.42]
 5 : [0.77 0.49 0.79]
 6 : [0.81 0.91 0.6 ]
 7 : [0.04 0.16 0.53]
 8 : [0.08 0.54 0.31]
 9 : [0.07 0.55 0.29]
10 : [0.45 0.27 1.  ]
11 : [0.36 0.55 0.79]
12 : [0.58 0.96 0.41]
--------------------------

Epoch : 1150
--------------------------
Node ----- Embedding -----

 0 : [0.64 0.   0.55]
 1 : [0.95 0.4  0.62]
 2 : [0.79 0.3  0.26]
 3 : [0.78 0.29 0.24]
 4 : [0.35 0.23 0.43]
 5 : [0.76 0.49 0.8 ]
 6 : [0.81 0.9  0.6 ]
 7 : [0.03 0.16 0.52]
 8 : [0.09 0.54 0.31]
 9 : [0.07 0.55 0.28]
10 : [0.45 0.27 1.  ]
11 : [0.36 0.54 0.78]
12 : [0.56 0.94 0.41]
--------------------------

Epoch : 1160
--------------------------
Node ----- Embedding -----

 0 : [0.65 0.   0.57]
 1 : [0.96 0.41 0.64]
 2 : [0.79 0.3  0.26]
 3 : [0.79 0.29 0.25]
 4 : [0.36 0.23 0.44]
 5 : [0.77 0.49 0.81]
 6 : [0.81 0.9  0.61]
 7 : [0.04 0.16 0.52]
 8 : [0.09 0.55 0.32]
 9 : [0.08 0.57 0.28]
10 : [0.46 0.28 1.  ]
11 : [0.37 0.55 0.78]
12 : [0.55 0.95 0.42]
--------------------------

Epoch : 1170
--------------------------
Node ----- Embedding -----

 0 : [0.66 0.   0.59]
 1 : [0.97 0.41 0.65]
 2 : [0.8  0.31 0.27]
 3 : [0.8  0.3  0.26]
 4 : [0.37 0.23 0.45]
 5 : [0.78 0.5  0.8 ]
 6 : [0.82 0.92 0.62]
 7 : [0.05 0.17 0.53]
 8 : [0.09 0.56 0.33]
 9 : [0.08 0.58 0.29]
10 : [0.47 0.28 1.  ]
11 : [0.38 0.57 0.79]
12 : [0.55 0.95 0.42]
--------------------------

Epoch : 1180
--------------------------
Node ----- Embedding -----

 0 : [0.66 0.   0.59]
 1 : [0.97 0.41 0.66]
 2 : [0.8  0.31 0.26]
 3 : [0.81 0.31 0.26]
 4 : [0.36 0.22 0.45]
 5 : [0.78 0.51 0.8 ]
 6 : [0.82 0.93 0.61]
 7 : [0.05 0.17 0.53]
 8 : [0.08 0.56 0.32]
 9 : [0.08 0.59 0.3 ]
10 : [0.48 0.28 1.  ]
11 : [0.37 0.57 0.79]
12 : [0.55 0.95 0.43]
--------------------------

Epoch : 1190
--------------------------
Node ----- Embedding -----

 0 : [0.66 0.   0.58]
 1 : [0.98 0.4  0.65]
 2 : [0.8  0.3  0.26]
 3 : [0.81 0.31 0.26]
 4 : [0.36 0.21 0.44]
 5 : [0.78 0.5  0.79]
 6 : [0.82 0.93 0.61]
 7 : [0.04 0.17 0.52]
 8 : [0.08 0.56 0.32]
 9 : [0.08 0.58 0.29]
10 : [0.48 0.29 1.  ]
11 : [0.37 0.57 0.79]
12 : [0.56 0.96 0.43]
--------------------------

Epoch : 1200
--------------------------
Node ----- Embedding -----

 0 : [0.66 0.   0.58]
 1 : [0.97 0.4  0.65]
 2 : [0.79 0.3  0.26]
 3 : [0.81 0.32 0.26]
 4 : [0.36 0.22 0.44]
 5 : [0.77 0.5  0.79]
 6 : [0.82 0.93 0.61]
 7 : [0.04 0.17 0.53]
 8 : [0.08 0.56 0.32]
 9 : [0.08 0.58 0.29]
10 : [0.48 0.29 1.  ]
11 : [0.37 0.57 0.8 ]
12 : [0.56 0.95 0.43]
--------------------------

Epoch : 1210
--------------------------
Node ----- Embedding -----

 0 : [0.66 0.   0.58]
 1 : [0.96 0.4  0.64]
 2 : [0.77 0.31 0.26]
 3 : [0.8  0.32 0.26]
 4 : [0.36 0.23 0.43]
 5 : [0.77 0.5  0.8 ]
 6 : [0.8  0.92 0.61]
 7 : [0.05 0.18 0.54]
 8 : [0.1  0.56 0.32]
 9 : [0.09 0.58 0.3 ]
10 : [0.47 0.3  1.  ]
11 : [0.37 0.56 0.8 ]
12 : [0.56 0.93 0.42]
--------------------------

Epoch : 1220
--------------------------
Node ----- Embedding -----

 0 : [0.66 0.   0.57]
 1 : [0.95 0.4  0.64]
 2 : [0.77 0.31 0.26]
 3 : [0.79 0.32 0.26]
 4 : [0.36 0.24 0.42]
 5 : [0.76 0.51 0.79]
 6 : [0.8  0.92 0.61]
 7 : [0.06 0.18 0.53]
 8 : [0.11 0.56 0.31]
 9 : [0.1  0.57 0.31]
10 : [0.47 0.3  1.  ]
11 : [0.37 0.56 0.8 ]
12 : [0.56 0.93 0.42]
--------------------------

Epoch : 1230
--------------------------
Node ----- Embedding -----

 0 : [0.67 0.   0.56]
 1 : [0.94 0.4  0.63]
 2 : [0.79 0.31 0.26]
 3 : [0.79 0.31 0.26]
 4 : [0.35 0.24 0.43]
 5 : [0.76 0.52 0.79]
 6 : [0.8  0.92 0.61]
 7 : [0.07 0.19 0.53]
 8 : [0.11 0.56 0.3 ]
 9 : [0.11 0.57 0.31]
10 : [0.47 0.3  1.  ]
11 : [0.37 0.56 0.81]
12 : [0.57 0.93 0.42]
--------------------------

Epoch : 1240
--------------------------
Node ----- Embedding -----

 0 : [0.68 0.   0.57]
 1 : [0.95 0.4  0.63]
 2 : [0.8  0.31 0.26]
 3 : [0.79 0.31 0.26]
 4 : [0.35 0.24 0.43]
 5 : [0.76 0.52 0.79]
 6 : [0.8  0.92 0.61]
 7 : [0.08 0.2  0.52]
 8 : [0.11 0.56 0.3 ]
 9 : [0.1  0.57 0.31]
10 : [0.48 0.3  1.  ]
11 : [0.38 0.57 0.82]
12 : [0.58 0.94 0.43]
--------------------------

Epoch : 1250
--------------------------
Node ----- Embedding -----

 0 : [0.69 0.   0.59]
 1 : [0.96 0.41 0.62]
 2 : [0.81 0.32 0.27]
 3 : [0.79 0.31 0.26]
 4 : [0.36 0.25 0.43]
 5 : [0.77 0.52 0.79]
 6 : [0.8  0.92 0.61]
 7 : [0.08 0.2  0.52]
 8 : [0.1  0.57 0.3 ]
 9 : [0.09 0.58 0.3 ]
10 : [0.48 0.31 1.  ]
11 : [0.39 0.57 0.82]
12 : [0.59 0.95 0.44]
--------------------------

Epoch : 1260
--------------------------
Node ----- Embedding -----

 0 : [0.68 0.   0.59]
 1 : [0.96 0.42 0.63]
 2 : [0.81 0.33 0.28]
 3 : [0.8  0.31 0.27]
 4 : [0.37 0.25 0.43]
 5 : [0.77 0.53 0.8 ]
 6 : [0.81 0.92 0.61]
 7 : [0.08 0.2  0.52]
 8 : [0.09 0.57 0.31]
 9 : [0.09 0.57 0.31]
10 : [0.48 0.31 1.  ]
11 : [0.39 0.57 0.82]
12 : [0.59 0.95 0.44]
--------------------------

Epoch : 1270
--------------------------
Node ----- Embedding -----

 0 : [0.67 0.   0.58]
 1 : [0.96 0.42 0.64]
 2 : [0.8  0.34 0.28]
 3 : [0.79 0.31 0.27]
 4 : [0.37 0.25 0.44]
 5 : [0.77 0.52 0.8 ]
 6 : [0.82 0.92 0.6 ]
 7 : [0.07 0.2  0.52]
 8 : [0.1  0.56 0.31]
 9 : [0.08 0.56 0.31]
10 : [0.48 0.3  1.  ]
11 : [0.4  0.57 0.82]
12 : [0.59 0.94 0.44]
--------------------------

Epoch : 1280
--------------------------
Node ----- Embedding -----

 0 : [0.66 0.   0.57]
 1 : [0.95 0.42 0.64]
 2 : [0.79 0.34 0.28]
 3 : [0.78 0.3  0.26]
 4 : [0.36 0.24 0.44]
 5 : [0.76 0.52 0.8 ]
 6 : [0.82 0.93 0.6 ]
 7 : [0.06 0.19 0.53]
 8 : [0.1  0.56 0.31]
 9 : [0.07 0.56 0.3 ]
10 : [0.47 0.3  1.  ]
11 : [0.4  0.57 0.81]
12 : [0.58 0.92 0.43]
--------------------------

Epoch : 1290
--------------------------
Node ----- Embedding -----

 0 : [0.66 0.   0.57]
 1 : [0.95 0.41 0.64]
 2 : [0.8  0.34 0.27]
 3 : [0.78 0.3  0.26]
 4 : [0.36 0.23 0.44]
 5 : [0.76 0.5  0.8 ]
 6 : [0.81 0.94 0.6 ]
 7 : [0.05 0.18 0.53]
 8 : [0.09 0.56 0.3 ]
 9 : [0.08 0.57 0.3 ]
10 : [0.47 0.3  1.  ]
11 : [0.4  0.58 0.81]
12 : [0.57 0.91 0.43]
--------------------------

Epoch : 1300
--------------------------
Node ----- Embedding -----

 0 : [0.65 0.   0.56]
 1 : [0.95 0.4  0.64]
 2 : [0.8  0.33 0.26]
 3 : [0.78 0.29 0.25]
 4 : [0.35 0.21 0.42]
 5 : [0.76 0.49 0.8 ]
 6 : [0.81 0.94 0.6 ]
 7 : [0.04 0.16 0.52]
 8 : [0.08 0.56 0.29]
 9 : [0.08 0.56 0.3 ]
10 : [0.47 0.29 1.  ]
11 : [0.41 0.57 0.81]
12 : [0.56 0.9  0.41]
--------------------------

Epoch : 1310
--------------------------
Node ----- Embedding -----

 0 : [0.65 0.   0.55]
 1 : [0.94 0.38 0.62]
 2 : [0.79 0.32 0.24]
 3 : [0.78 0.28 0.24]
 4 : [0.34 0.21 0.39]
 5 : [0.75 0.49 0.79]
 6 : [0.79 0.93 0.59]
 7 : [0.03 0.15 0.52]
 8 : [0.08 0.55 0.28]
 9 : [0.08 0.56 0.29]
10 : [0.46 0.29 1.  ]
11 : [0.4  0.57 0.8 ]
12 : [0.55 0.9  0.41]
--------------------------

Epoch : 1320
--------------------------
Node ----- Embedding -----

 0 : [0.65 0.   0.56]
 1 : [0.95 0.39 0.62]
 2 : [0.8  0.32 0.24]
 3 : [0.78 0.28 0.24]
 4 : [0.35 0.22 0.4 ]
 5 : [0.76 0.48 0.79]
 6 : [0.79 0.94 0.6 ]
 7 : [0.03 0.16 0.52]
 8 : [0.08 0.56 0.28]
 9 : [0.09 0.56 0.3 ]
10 : [0.45 0.29 1.  ]
11 : [0.39 0.58 0.81]
12 : [0.55 0.92 0.41]
--------------------------

Epoch : 1330
--------------------------
Node ----- Embedding -----

 0 : [0.65 0.   0.56]
 1 : [0.96 0.39 0.62]
 2 : [0.8  0.31 0.24]
 3 : [0.77 0.29 0.24]
 4 : [0.35 0.22 0.41]
 5 : [0.76 0.49 0.78]
 6 : [0.79 0.93 0.59]
 7 : [0.03 0.16 0.52]
 8 : [0.08 0.56 0.28]
 9 : [0.09 0.56 0.3 ]
10 : [0.45 0.29 1.  ]
11 : [0.38 0.57 0.81]
12 : [0.55 0.92 0.41]
--------------------------

Epoch : 1340
--------------------------
Node ----- Embedding -----

 0 : [0.66 0.   0.57]
 1 : [0.95 0.4  0.63]
 2 : [0.79 0.31 0.25]
 3 : [0.78 0.3  0.24]
 4 : [0.35 0.23 0.42]
 5 : [0.75 0.49 0.79]
 6 : [0.8  0.92 0.59]
 7 : [0.04 0.17 0.52]
 8 : [0.08 0.56 0.28]
 9 : [0.08 0.55 0.3 ]
10 : [0.45 0.28 1.  ]
11 : [0.38 0.58 0.81]
12 : [0.55 0.92 0.42]
--------------------------

Epoch : 1350
--------------------------
Node ----- Embedding -----

 0 : [0.66 0.   0.57]
 1 : [0.94 0.4  0.63]
 2 : [0.78 0.31 0.25]
 3 : [0.78 0.3  0.24]
 4 : [0.36 0.23 0.42]
 5 : [0.75 0.48 0.8 ]
 6 : [0.79 0.91 0.59]
 7 : [0.06 0.18 0.53]
 8 : [0.08 0.56 0.29]
 9 : [0.09 0.55 0.3 ]
10 : [0.46 0.28 1.  ]
11 : [0.38 0.57 0.8 ]
12 : [0.56 0.92 0.42]
--------------------------

Epoch : 1360
--------------------------
Node ----- Embedding -----

 0 : [0.65 0.   0.57]
 1 : [0.93 0.4  0.62]
 2 : [0.78 0.31 0.26]
 3 : [0.78 0.32 0.25]
 4 : [0.37 0.23 0.44]
 5 : [0.75 0.5  0.79]
 6 : [0.78 0.9  0.59]
 7 : [0.08 0.19 0.53]
 8 : [0.1  0.56 0.3 ]
 9 : [0.11 0.55 0.31]
10 : [0.47 0.28 1.  ]
11 : [0.39 0.58 0.79]
12 : [0.57 0.93 0.42]
--------------------------

Epoch : 1370
--------------------------
Node ----- Embedding -----

 0 : [0.64 0.   0.56]
 1 : [0.92 0.4  0.6 ]
 2 : [0.77 0.31 0.26]
 3 : [0.77 0.32 0.26]
 4 : [0.37 0.23 0.44]
 5 : [0.74 0.49 0.78]
 6 : [0.77 0.89 0.6 ]
 7 : [0.08 0.19 0.52]
 8 : [0.1  0.55 0.3 ]
 9 : [0.1  0.54 0.31]
10 : [0.47 0.28 1.  ]
11 : [0.38 0.57 0.78]
12 : [0.56 0.91 0.42]
--------------------------

Epoch : 1380
--------------------------
Node ----- Embedding -----

 0 : [0.64 0.   0.57]
 1 : [0.92 0.41 0.6 ]
 2 : [0.76 0.31 0.27]
 3 : [0.77 0.32 0.26]
 4 : [0.37 0.23 0.44]
 5 : [0.74 0.49 0.79]
 6 : [0.78 0.89 0.61]
 7 : [0.09 0.19 0.53]
 8 : [0.11 0.56 0.3 ]
 9 : [0.1  0.53 0.31]
10 : [0.46 0.28 1.  ]
11 : [0.38 0.57 0.78]
12 : [0.56 0.9  0.42]
--------------------------

Epoch : 1390
--------------------------
Node ----- Embedding -----

 0 : [0.65 0.   0.57]
 1 : [0.94 0.41 0.6 ]
 2 : [0.76 0.3  0.27]
 3 : [0.78 0.32 0.25]
 4 : [0.36 0.24 0.43]
 5 : [0.75 0.49 0.8 ]
 6 : [0.8  0.91 0.62]
 7 : [0.09 0.19 0.53]
 8 : [0.1  0.56 0.3 ]
 9 : [0.09 0.54 0.3 ]
10 : [0.46 0.28 1.  ]
11 : [0.38 0.57 0.78]
12 : [0.58 0.91 0.42]
--------------------------

Epoch : 1400
--------------------------
Node ----- Embedding -----

 0 : [0.65 0.   0.57]
 1 : [0.94 0.41 0.6 ]
 2 : [0.78 0.31 0.27]
 3 : [0.78 0.32 0.25]
 4 : [0.35 0.25 0.43]
 5 : [0.75 0.49 0.79]
 6 : [0.81 0.92 0.61]
 7 : [0.08 0.19 0.54]
 8 : [0.1  0.55 0.3 ]
 9 : [0.09 0.54 0.3 ]
10 : [0.45 0.29 1.  ]
11 : [0.37 0.56 0.78]
12 : [0.58 0.92 0.42]
--------------------------

Epoch : 1410
--------------------------
Node ----- Embedding -----

 0 : [0.66 0.   0.56]
 1 : [0.94 0.4  0.61]
 2 : [0.79 0.31 0.27]
 3 : [0.77 0.31 0.24]
 4 : [0.35 0.25 0.43]
 5 : [0.75 0.49 0.78]
 6 : [0.81 0.92 0.6 ]
 7 : [0.08 0.18 0.54]
 8 : [0.09 0.55 0.3 ]
 9 : [0.07 0.54 0.28]
10 : [0.45 0.28 1.  ]
11 : [0.36 0.56 0.79]
12 : [0.57 0.93 0.42]
--------------------------

Epoch : 1420
--------------------------
Node ----- Embedding -----

 0 : [0.65 0.   0.56]
 1 : [0.93 0.4  0.62]
 2 : [0.78 0.3  0.26]
 3 : [0.77 0.31 0.23]
 4 : [0.35 0.24 0.42]
 5 : [0.75 0.48 0.77]
 6 : [0.81 0.92 0.59]
 7 : [0.08 0.18 0.53]
 8 : [0.08 0.55 0.29]
 9 : [0.07 0.55 0.28]
10 : [0.45 0.28 1.  ]
11 : [0.35 0.56 0.79]
12 : [0.57 0.93 0.42]
--------------------------

Epoch : 1430
--------------------------
Node ----- Embedding -----

 0 : [0.65 0.   0.57]
 1 : [0.92 0.4  0.62]
 2 : [0.78 0.3  0.26]
 3 : [0.77 0.3  0.23]
 4 : [0.34 0.24 0.41]
 5 : [0.74 0.48 0.77]
 6 : [0.81 0.92 0.59]
 7 : [0.07 0.17 0.53]
 8 : [0.08 0.54 0.29]
 9 : [0.07 0.54 0.29]
10 : [0.46 0.27 1.  ]
11 : [0.35 0.55 0.79]
12 : [0.56 0.93 0.42]
--------------------------

Epoch : 1440
--------------------------
Node ----- Embedding -----

 0 : [0.64 0.   0.56]
 1 : [0.92 0.39 0.62]
 2 : [0.77 0.3  0.25]
 3 : [0.78 0.3  0.23]
 4 : [0.34 0.24 0.41]
 5 : [0.74 0.48 0.77]
 6 : [0.81 0.91 0.58]
 7 : [0.06 0.16 0.53]
 8 : [0.09 0.55 0.29]
 9 : [0.08 0.54 0.29]
10 : [0.46 0.27 1.  ]
11 : [0.35 0.56 0.79]
12 : [0.54 0.92 0.42]
--------------------------

Epoch : 1450
--------------------------
Node ----- Embedding -----

 0 : [0.64 0.   0.56]
 1 : [0.92 0.39 0.62]
 2 : [0.77 0.3  0.25]
 3 : [0.78 0.3  0.23]
 4 : [0.34 0.23 0.4 ]
 5 : [0.74 0.48 0.77]
 6 : [0.81 0.91 0.57]
 7 : [0.06 0.16 0.52]
 8 : [0.09 0.55 0.29]
 9 : [0.09 0.54 0.3 ]
10 : [0.46 0.27 1.  ]
11 : [0.35 0.55 0.79]
12 : [0.55 0.91 0.42]
--------------------------

Epoch : 1460
--------------------------
Node ----- Embedding -----

 0 : [0.65 0.   0.56]
 1 : [0.93 0.39 0.62]
 2 : [0.78 0.3  0.25]
 3 : [0.79 0.31 0.24]
 4 : [0.34 0.22 0.42]
 5 : [0.75 0.51 0.77]
 6 : [0.81 0.93 0.58]
 7 : [0.06 0.17 0.52]
 8 : [0.09 0.56 0.3 ]
 9 : [0.09 0.55 0.32]
10 : [0.46 0.29 1.  ]
11 : [0.36 0.56 0.8 ]
12 : [0.56 0.91 0.42]
--------------------------

Epoch : 1470
--------------------------
Node ----- Embedding -----

 0 : [0.66 0.   0.56]
 1 : [0.93 0.38 0.61]
 2 : [0.78 0.29 0.25]
 3 : [0.79 0.32 0.25]
 4 : [0.33 0.22 0.42]
 5 : [0.74 0.52 0.76]
 6 : [0.81 0.93 0.58]
 7 : [0.04 0.17 0.51]
 8 : [0.08 0.56 0.3 ]
 9 : [0.09 0.54 0.31]
10 : [0.45 0.29 1.  ]
11 : [0.36 0.55 0.8 ]
12 : [0.56 0.92 0.42]
--------------------------

Epoch : 1480
--------------------------
Node ----- Embedding -----

 0 : [0.65 0.   0.55]
 1 : [0.91 0.38 0.6 ]
 2 : [0.76 0.3  0.24]
 3 : [0.78 0.31 0.24]
 4 : [0.33 0.22 0.41]
 5 : [0.73 0.51 0.75]
 6 : [0.79 0.91 0.57]
 7 : [0.04 0.17 0.51]
 8 : [0.07 0.56 0.28]
 9 : [0.07 0.54 0.29]
10 : [0.44 0.27 1.  ]
11 : [0.35 0.54 0.78]
12 : [0.55 0.91 0.41]
--------------------------

Epoch : 1490
--------------------------
Node ----- Embedding -----

 0 : [0.65 0.   0.56]
 1 : [0.92 0.39 0.61]
 2 : [0.75 0.31 0.25]
 3 : [0.78 0.31 0.25]
 4 : [0.34 0.23 0.41]
 5 : [0.74 0.5  0.75]
 6 : [0.79 0.91 0.57]
 7 : [0.05 0.17 0.51]
 8 : [0.07 0.56 0.27]
 9 : [0.08 0.55 0.28]
10 : [0.45 0.27 1.  ]
11 : [0.35 0.55 0.77]
12 : [0.56 0.91 0.41]
--------------------------

Epoch : 1500
--------------------------
Node ----- Embedding -----

 0 : [0.65 0.   0.56]
 1 : [0.92 0.4  0.61]
 2 : [0.74 0.31 0.25]
 3 : [0.77 0.3  0.25]
 4 : [0.35 0.22 0.41]
 5 : [0.74 0.49 0.75]
 6 : [0.79 0.89 0.58]
 7 : [0.05 0.17 0.51]
 8 : [0.08 0.56 0.28]
 9 : [0.09 0.56 0.3 ]
10 : [0.46 0.27 1.  ]
11 : [0.36 0.55 0.77]
12 : [0.55 0.9  0.41]
--------------------------

Epoch : 1510
--------------------------
Node ----- Embedding -----

 0 : [0.66 0.   0.56]
 1 : [0.92 0.4  0.61]
 2 : [0.75 0.31 0.25]
 3 : [0.77 0.3  0.26]
 4 : [0.35 0.22 0.41]
 5 : [0.74 0.48 0.76]
 6 : [0.79 0.89 0.58]
 7 : [0.05 0.17 0.51]
 8 : [0.08 0.55 0.29]
 9 : [0.1  0.56 0.31]
10 : [0.46 0.28 1.  ]
11 : [0.36 0.54 0.77]
12 : [0.54 0.9  0.41]
--------------------------

Epoch : 1520
--------------------------
Node ----- Embedding -----

 0 : [0.66 0.   0.56]
 1 : [0.93 0.4  0.61]
 2 : [0.77 0.31 0.26]
 3 : [0.77 0.3  0.26]
 4 : [0.35 0.22 0.41]
 5 : [0.75 0.48 0.76]
 6 : [0.78 0.89 0.58]
 7 : [0.06 0.17 0.53]
 8 : [0.1  0.56 0.3 ]
 9 : [0.11 0.56 0.32]
10 : [0.45 0.28 1.  ]
11 : [0.36 0.55 0.78]
12 : [0.53 0.9  0.41]
--------------------------

Epoch : 1530
--------------------------
Node ----- Embedding -----

 0 : [0.67 0.   0.57]
 1 : [0.94 0.4  0.62]
 2 : [0.79 0.31 0.26]
 3 : [0.77 0.3  0.26]
 4 : [0.36 0.22 0.41]
 5 : [0.75 0.47 0.76]
 6 : [0.78 0.89 0.59]
 7 : [0.06 0.18 0.53]
 8 : [0.1  0.57 0.31]
 9 : [0.12 0.57 0.32]
10 : [0.45 0.28 1.  ]
11 : [0.36 0.56 0.78]
12 : [0.52 0.9  0.41]
--------------------------

Epoch : 1540
--------------------------
Node ----- Embedding -----

 0 : [0.66 0.   0.57]
 1 : [0.93 0.4  0.62]
 2 : [0.78 0.31 0.26]
 3 : [0.75 0.31 0.26]
 4 : [0.35 0.22 0.4 ]
 5 : [0.75 0.46 0.76]
 6 : [0.78 0.89 0.58]
 7 : [0.06 0.18 0.53]
 8 : [0.09 0.56 0.31]
 9 : [0.11 0.56 0.31]
10 : [0.45 0.27 1.  ]
11 : [0.35 0.56 0.77]
12 : [0.53 0.9  0.4 ]
--------------------------

Epoch : 1550
--------------------------
Node ----- Embedding -----

 0 : [0.65 0.   0.57]
 1 : [0.92 0.41 0.62]
 2 : [0.77 0.31 0.26]
 3 : [0.75 0.32 0.26]
 4 : [0.35 0.22 0.4 ]
 5 : [0.75 0.47 0.76]
 6 : [0.79 0.9  0.59]
 7 : [0.04 0.18 0.53]
 8 : [0.09 0.56 0.31]
 9 : [0.11 0.54 0.31]
10 : [0.45 0.27 1.  ]
11 : [0.36 0.57 0.77]
12 : [0.54 0.91 0.41]
--------------------------

Epoch : 1560
--------------------------
Node ----- Embedding -----

 0 : [0.66 0.   0.58]
 1 : [0.92 0.42 0.63]
 2 : [0.78 0.33 0.28]
 3 : [0.77 0.33 0.28]
 4 : [0.35 0.23 0.41]
 5 : [0.76 0.48 0.77]
 6 : [0.79 0.9  0.6 ]
 7 : [0.04 0.18 0.54]
 8 : [0.1  0.57 0.31]
 9 : [0.12 0.53 0.33]
10 : [0.46 0.28 1.  ]
11 : [0.37 0.58 0.79]
12 : [0.55 0.93 0.42]
--------------------------

Epoch : 1570
--------------------------
Node ----- Embedding -----

 0 : [0.68 0.   0.59]
 1 : [0.93 0.41 0.63]
 2 : [0.79 0.33 0.28]
 3 : [0.78 0.33 0.29]
 4 : [0.36 0.24 0.41]
 5 : [0.78 0.5  0.78]
 6 : [0.8  0.91 0.61]
 7 : [0.04 0.18 0.55]
 8 : [0.1  0.57 0.32]
 9 : [0.13 0.54 0.33]
10 : [0.47 0.29 1.  ]
11 : [0.37 0.58 0.8 ]
12 : [0.56 0.93 0.43]
--------------------------

Epoch : 1580
--------------------------
Node ----- Embedding -----

 0 : [0.68 0.   0.59]
 1 : [0.94 0.42 0.64]
 2 : [0.79 0.33 0.28]
 3 : [0.8  0.33 0.29]
 4 : [0.36 0.25 0.41]
 5 : [0.78 0.5  0.78]
 6 : [0.81 0.91 0.61]
 7 : [0.06 0.18 0.55]
 8 : [0.11 0.58 0.31]
 9 : [0.13 0.56 0.33]
10 : [0.48 0.3  1.  ]
11 : [0.37 0.59 0.8 ]
12 : [0.57 0.94 0.43]
--------------------------

Epoch : 1590
--------------------------
Node ----- Embedding -----

 0 : [0.67 0.   0.58]
 1 : [0.94 0.43 0.65]
 2 : [0.79 0.32 0.27]
 3 : [0.8  0.32 0.28]
 4 : [0.36 0.25 0.42]
 5 : [0.78 0.51 0.78]
 6 : [0.8 0.9 0.6]
 7 : [0.06 0.18 0.55]
 8 : [0.1  0.58 0.3 ]
 9 : [0.13 0.57 0.34]
10 : [0.48 0.29 1.  ]
11 : [0.36 0.59 0.8 ]
12 : [0.57 0.94 0.43]
--------------------------

Epoch : 1600
--------------------------
Node ----- Embedding -----

 0 : [0.66 0.   0.57]
 1 : [0.94 0.42 0.64]
 2 : [0.79 0.31 0.25]
 3 : [0.8  0.32 0.27]
 4 : [0.36 0.24 0.44]
 5 : [0.78 0.51 0.78]
 6 : [0.8  0.91 0.59]
 7 : [0.04 0.17 0.53]
 8 : [0.09 0.58 0.29]
 9 : [0.12 0.56 0.33]
10 : [0.47 0.29 1.  ]
11 : [0.36 0.57 0.81]
12 : [0.57 0.94 0.42]
--------------------------

Epoch : 1610
--------------------------
Node ----- Embedding -----

 0 : [0.65 0.   0.56]
 1 : [0.94 0.39 0.63]
 2 : [0.79 0.3  0.23]
 3 : [0.79 0.31 0.25]
 4 : [0.35 0.22 0.44]
 5 : [0.77 0.49 0.77]
 6 : [0.79 0.91 0.57]
 7 : [0.02 0.16 0.52]
 8 : [0.07 0.56 0.27]
 9 : [0.11 0.55 0.31]
10 : [0.47 0.28 1.  ]
11 : [0.35 0.55 0.8 ]
12 : [0.56 0.93 0.41]
--------------------------

Epoch : 1620
--------------------------
Node ----- Embedding -----

 0 : [0.64 0.   0.56]
 1 : [0.94 0.38 0.63]
 2 : [0.78 0.3  0.23]
 3 : [0.79 0.3  0.25]
 4 : [0.35 0.21 0.44]
 5 : [0.77 0.49 0.76]
 6 : [0.79 0.91 0.57]
 7 : [0.01 0.15 0.52]
 8 : [0.06 0.56 0.27]
 9 : [0.09 0.55 0.29]
10 : [0.46 0.27 1.  ]
11 : [0.34 0.55 0.79]
12 : [0.55 0.91 0.41]
--------------------------

Epoch : 1630
--------------------------
Node ----- Embedding -----

 0 : [0.65 0.   0.55]
 1 : [0.95 0.39 0.63]
 2 : [0.79 0.29 0.23]
 3 : [0.79 0.3  0.25]
 4 : [0.35 0.21 0.44]
 5 : [0.77 0.48 0.77]
 6 : [0.8  0.92 0.58]
 7 : [0.01 0.15 0.52]
 8 : [0.05 0.56 0.26]
 9 : [0.07 0.56 0.28]
10 : [0.46 0.28 1.  ]
11 : [0.34 0.55 0.8 ]
12 : [0.55 0.91 0.41]
--------------------------

Epoch : 1640
--------------------------
Node ----- Embedding -----

 0 : [0.65 0.   0.55]
 1 : [0.95 0.4  0.63]
 2 : [0.79 0.28 0.23]
 3 : [0.8  0.29 0.24]
 4 : [0.34 0.22 0.43]
 5 : [0.77 0.47 0.77]
 6 : [0.79 0.91 0.57]
 7 : [0.01 0.15 0.52]
 8 : [0.05 0.55 0.27]
 9 : [0.06 0.56 0.27]
10 : [0.45 0.27 1.  ]
11 : [0.33 0.55 0.79]
12 : [0.55 0.91 0.41]
--------------------------

Epoch : 1650
--------------------------
Node ----- Embedding -----

 0 : [0.64 0.   0.55]
 1 : [0.94 0.39 0.61]
 2 : [0.78 0.28 0.23]
 3 : [0.78 0.3  0.25]
 4 : [0.33 0.21 0.42]
 5 : [0.76 0.46 0.76]
 6 : [0.78 0.89 0.57]
 7 : [0.02 0.15 0.52]
 8 : [0.06 0.54 0.28]
 9 : [0.07 0.55 0.28]
10 : [0.43 0.26 1.  ]
11 : [0.33 0.54 0.78]
12 : [0.54 0.9  0.41]
--------------------------

Epoch : 1660
--------------------------
Node ----- Embedding -----

 0 : [0.64 0.   0.56]
 1 : [0.93 0.39 0.6 ]
 2 : [0.77 0.29 0.24]
 3 : [0.77 0.32 0.27]
 4 : [0.33 0.22 0.43]
 5 : [0.76 0.47 0.76]
 6 : [0.78 0.89 0.57]
 7 : [0.03 0.15 0.52]
 8 : [0.08 0.54 0.29]
 9 : [0.08 0.54 0.29]
10 : [0.43 0.26 1.  ]
11 : [0.34 0.55 0.79]
12 : [0.55 0.91 0.42]
--------------------------

Epoch : 1670
--------------------------
Node ----- Embedding -----

 0 : [0.65 0.   0.56]
 1 : [0.94 0.39 0.62]
 2 : [0.78 0.3  0.25]
 3 : [0.77 0.32 0.28]
 4 : [0.34 0.23 0.42]
 5 : [0.76 0.48 0.77]
 6 : [0.78 0.89 0.57]
 7 : [0.05 0.16 0.53]
 8 : [0.11 0.54 0.3 ]
 9 : [0.1  0.54 0.31]
10 : [0.44 0.28 1.  ]
11 : [0.35 0.55 0.8 ]
12 : [0.56 0.92 0.43]
--------------------------

Epoch : 1680
--------------------------
Node ----- Embedding -----

 0 : [0.66 0.   0.57]
 1 : [0.95 0.39 0.62]
 2 : [0.8  0.31 0.25]
 3 : [0.77 0.32 0.27]
 4 : [0.34 0.24 0.42]
 5 : [0.77 0.49 0.78]
 6 : [0.79 0.89 0.59]
 7 : [0.05 0.16 0.53]
 8 : [0.11 0.54 0.3 ]
 9 : [0.11 0.55 0.31]
10 : [0.46 0.29 1.  ]
11 : [0.37 0.56 0.8 ]
12 : [0.57 0.93 0.43]
--------------------------

Epoch : 1690
--------------------------
Node ----- Embedding -----

 0 : [0.65 0.   0.57]
 1 : [0.96 0.39 0.62]
 2 : [0.8  0.31 0.25]
 3 : [0.78 0.32 0.27]
 4 : [0.33 0.24 0.41]
 5 : [0.77 0.49 0.77]
 6 : [0.8  0.89 0.59]
 7 : [0.04 0.16 0.52]
 8 : [0.1  0.54 0.29]
 9 : [0.1  0.56 0.3 ]
10 : [0.46 0.28 1.  ]
11 : [0.36 0.56 0.79]
12 : [0.56 0.93 0.42]
--------------------------

Epoch : 1700
--------------------------
Node ----- Embedding -----

 0 : [0.65 0.   0.56]
 1 : [0.97 0.39 0.62]
 2 : [0.79 0.3  0.24]
 3 : [0.78 0.32 0.28]
 4 : [0.33 0.24 0.42]
 5 : [0.77 0.49 0.79]
 6 : [0.82 0.91 0.58]
 7 : [0.04 0.16 0.52]
 8 : [0.09 0.54 0.28]
 9 : [0.1  0.56 0.29]
10 : [0.46 0.28 1.  ]
11 : [0.35 0.56 0.8 ]
12 : [0.55 0.94 0.42]
--------------------------

Epoch : 1710
--------------------------
Node ----- Embedding -----

 0 : [0.66 0.   0.56]
 1 : [0.98 0.39 0.62]
 2 : [0.79 0.3  0.24]
 3 : [0.79 0.32 0.27]
 4 : [0.32 0.24 0.41]
 5 : [0.77 0.48 0.81]
 6 : [0.83 0.92 0.57]
 7 : [0.03 0.16 0.52]
 8 : [0.08 0.54 0.27]
 9 : [0.08 0.55 0.28]
10 : [0.47 0.28 1.  ]
11 : [0.34 0.56 0.8 ]
12 : [0.54 0.95 0.41]
--------------------------

Epoch : 1720
--------------------------
Node ----- Embedding -----

 0 : [0.66 0.   0.56]
 1 : [0.99 0.39 0.62]
 2 : [0.81 0.3  0.24]
 3 : [0.79 0.32 0.26]
 4 : [0.32 0.25 0.4 ]
 5 : [0.77 0.47 0.82]
 6 : [0.83 0.93 0.58]
 7 : [0.03 0.17 0.52]
 8 : [0.07 0.54 0.27]
 9 : [0.07 0.55 0.27]
10 : [0.47 0.28 1.  ]
11 : [0.34 0.58 0.81]
12 : [0.55 0.96 0.42]
--------------------------

Epoch : 1730
--------------------------
Node ----- Embedding -----

 0 : [0.66 0.   0.57]
 1 : [0.99 0.39 0.64]
 2 : [0.81 0.3  0.24]
 3 : [0.79 0.32 0.26]
 4 : [0.33 0.24 0.41]
 5 : [0.78 0.48 0.83]
 6 : [0.83 0.93 0.61]
 7 : [0.04 0.17 0.55]
 8 : [0.08 0.55 0.28]
 9 : [0.07 0.55 0.28]
10 : [0.47 0.28 1.  ]
11 : [0.35 0.59 0.82]
12 : [0.55 0.96 0.42]
--------------------------

Epoch : 1740
--------------------------
Node ----- Embedding -----

 0 : [0.67 0.   0.58]
 1 : [0.98 0.4  0.65]
 2 : [0.79 0.3  0.25]
 3 : [0.79 0.33 0.27]
 4 : [0.34 0.24 0.42]
 5 : [0.78 0.5  0.83]
 6 : [0.81 0.92 0.62]
 7 : [0.04 0.17 0.56]
 8 : [0.09 0.55 0.3 ]
 9 : [0.08 0.55 0.3 ]
10 : [0.48 0.28 1.  ]
11 : [0.36 0.59 0.83]
12 : [0.55 0.95 0.43]
--------------------------

Epoch : 1750
--------------------------
Node ----- Embedding -----

 0 : [0.66 0.   0.58]
 1 : [0.95 0.39 0.65]
 2 : [0.78 0.3  0.25]
 3 : [0.78 0.32 0.27]
 4 : [0.35 0.24 0.41]
 5 : [0.76 0.49 0.81]
 6 : [0.79 0.91 0.6 ]
 7 : [0.04 0.18 0.55]
 8 : [0.09 0.55 0.31]
 9 : [0.09 0.55 0.3 ]
10 : [0.49 0.28 1.  ]
11 : [0.36 0.58 0.82]
12 : [0.55 0.94 0.42]
--------------------------

Epoch : 1760
--------------------------
Node ----- Embedding -----

 0 : [0.66 0.   0.56]
 1 : [0.94 0.39 0.64]
 2 : [0.77 0.29 0.24]
 3 : [0.77 0.31 0.26]
 4 : [0.35 0.25 0.39]
 5 : [0.75 0.49 0.8 ]
 6 : [0.79 0.9  0.6 ]
 7 : [0.04 0.18 0.53]
 8 : [0.08 0.55 0.3 ]
 9 : [0.08 0.54 0.31]
10 : [0.47 0.27 1.  ]
11 : [0.36 0.57 0.81]
12 : [0.55 0.94 0.41]
--------------------------

Epoch : 1770
--------------------------
Node ----- Embedding -----

 0 : [0.65 0.   0.55]
 1 : [0.95 0.39 0.63]
 2 : [0.78 0.3  0.24]
 3 : [0.76 0.3  0.26]
 4 : [0.35 0.24 0.39]
 5 : [0.74 0.48 0.79]
 6 : [0.79 0.9  0.59]
 7 : [0.04 0.17 0.53]
 8 : [0.08 0.54 0.29]
 9 : [0.09 0.53 0.31]
10 : [0.46 0.27 1.  ]
11 : [0.37 0.58 0.8 ]
12 : [0.55 0.93 0.4 ]
--------------------------

Epoch : 1780
--------------------------
Node ----- Embedding -----

 0 : [0.64 0.   0.55]
 1 : [0.94 0.39 0.61]
 2 : [0.78 0.3  0.24]
 3 : [0.76 0.31 0.27]
 4 : [0.35 0.24 0.4 ]
 5 : [0.74 0.49 0.79]
 6 : [0.8  0.91 0.59]
 7 : [0.05 0.16 0.53]
 8 : [0.08 0.54 0.29]
 9 : [0.1  0.54 0.32]
10 : [0.46 0.26 1.  ]
11 : [0.38 0.58 0.78]
12 : [0.55 0.92 0.4 ]
--------------------------

Epoch : 1790
--------------------------
Node ----- Embedding -----

 0 : [0.63 0.   0.55]
 1 : [0.93 0.39 0.61]
 2 : [0.78 0.3  0.25]
 3 : [0.76 0.3  0.27]
 4 : [0.35 0.24 0.4 ]
 5 : [0.73 0.49 0.78]
 6 : [0.79 0.91 0.59]
 7 : [0.06 0.16 0.52]
 8 : [0.07 0.54 0.28]
 9 : [0.11 0.55 0.3 ]
10 : [0.47 0.26 1.  ]
11 : [0.38 0.57 0.77]
12 : [0.54 0.92 0.4 ]
--------------------------

Epoch : 1800
--------------------------
Node ----- Embedding -----

 0 : [0.62 0.   0.54]
 1 : [0.93 0.38 0.61]
 2 : [0.77 0.3  0.24]
 3 : [0.75 0.29 0.25]
 4 : [0.34 0.23 0.4 ]
 5 : [0.72 0.49 0.78]
 6 : [0.79 0.9  0.59]
 7 : [0.05 0.15 0.52]
 8 : [0.06 0.54 0.28]
 9 : [0.09 0.55 0.28]
10 : [0.46 0.26 1.  ]
11 : [0.38 0.56 0.78]
12 : [0.53 0.92 0.39]
--------------------------

Epoch : 1810
--------------------------
Node ----- Embedding -----

 0 : [0.63 0.   0.54]
 1 : [0.93 0.39 0.61]
 2 : [0.76 0.29 0.23]
 3 : [0.75 0.29 0.25]
 4 : [0.33 0.23 0.39]
 5 : [0.73 0.49 0.79]
 6 : [0.8  0.91 0.6 ]
 7 : [0.04 0.15 0.51]
 8 : [0.04 0.54 0.27]
 9 : [0.07 0.55 0.27]
10 : [0.45 0.26 1.  ]
11 : [0.38 0.56 0.79]
12 : [0.53 0.93 0.39]
--------------------------

Epoch : 1820
--------------------------
Node ----- Embedding -----

 0 : [0.65 0.   0.54]
 1 : [0.94 0.39 0.63]
 2 : [0.76 0.28 0.23]
 3 : [0.76 0.29 0.25]
 4 : [0.33 0.23 0.4 ]
 5 : [0.74 0.5  0.8 ]
 6 : [0.8  0.92 0.6 ]
 7 : [0.05 0.15 0.51]
 8 : [0.04 0.54 0.28]
 9 : [0.06 0.55 0.28]
10 : [0.46 0.27 1.  ]
11 : [0.38 0.56 0.8 ]
12 : [0.54 0.94 0.4 ]
--------------------------

Epoch : 1830
--------------------------
Node ----- Embedding -----

 0 : [0.66 0.   0.55]
 1 : [0.95 0.38 0.64]
 2 : [0.78 0.28 0.24]
 3 : [0.77 0.3  0.25]
 4 : [0.33 0.22 0.42]
 5 : [0.75 0.48 0.8 ]
 6 : [0.8  0.92 0.59]
 7 : [0.04 0.15 0.52]
 8 : [0.05 0.55 0.28]
 9 : [0.06 0.54 0.28]
10 : [0.46 0.27 1.  ]
11 : [0.38 0.56 0.8 ]
12 : [0.55 0.94 0.41]
--------------------------

Epoch : 1840
--------------------------
Node ----- Embedding -----

 0 : [0.66 0.   0.56]
 1 : [0.94 0.39 0.63]
 2 : [0.78 0.3  0.24]
 3 : [0.78 0.3  0.25]
 4 : [0.33 0.23 0.43]
 5 : [0.74 0.48 0.8 ]
 6 : [0.79 0.91 0.57]
 7 : [0.06 0.16 0.53]
 8 : [0.07 0.55 0.3 ]
 9 : [0.07 0.55 0.28]
10 : [0.46 0.26 1.  ]
11 : [0.39 0.56 0.8 ]
12 : [0.57 0.94 0.4 ]
--------------------------

Epoch : 1850
--------------------------
Node ----- Embedding -----

 0 : [0.66 0.   0.57]
 1 : [0.93 0.39 0.62]
 2 : [0.77 0.31 0.25]
 3 : [0.78 0.3  0.26]
 4 : [0.33 0.23 0.43]
 5 : [0.74 0.48 0.79]
 6 : [0.78 0.9  0.57]
 7 : [0.07 0.17 0.53]
 8 : [0.08 0.55 0.31]
 9 : [0.09 0.55 0.29]
10 : [0.46 0.26 1.  ]
11 : [0.38 0.56 0.8 ]
12 : [0.57 0.94 0.41]
--------------------------

Epoch : 1860
--------------------------
Node ----- Embedding -----

 0 : [0.66 0.   0.57]
 1 : [0.93 0.39 0.62]
 2 : [0.78 0.31 0.25]
 3 : [0.78 0.3  0.27]
 4 : [0.34 0.24 0.43]
 5 : [0.74 0.49 0.79]
 6 : [0.79 0.9  0.58]
 7 : [0.07 0.18 0.52]
 8 : [0.08 0.55 0.31]
 9 : [0.1  0.56 0.3 ]
10 : [0.47 0.27 1.  ]
11 : [0.38 0.57 0.8 ]
12 : [0.56 0.94 0.4 ]
--------------------------

Epoch : 1870
--------------------------
Node ----- Embedding -----

 0 : [0.66 0.   0.57]
 1 : [0.94 0.39 0.62]
 2 : [0.79 0.31 0.25]
 3 : [0.78 0.31 0.26]
 4 : [0.34 0.24 0.44]
 5 : [0.74 0.49 0.79]
 6 : [0.8  0.9  0.59]
 7 : [0.07 0.18 0.53]
 8 : [0.09 0.56 0.31]
 9 : [0.11 0.56 0.31]
10 : [0.47 0.28 1.  ]
11 : [0.38 0.58 0.81]
12 : [0.54 0.94 0.4 ]
--------------------------

Epoch : 1880
--------------------------
Node ----- Embedding -----

 0 : [0.66 0.   0.57]
 1 : [0.95 0.4  0.63]
 2 : [0.8  0.31 0.26]
 3 : [0.79 0.32 0.25]
 4 : [0.34 0.25 0.43]
 5 : [0.75 0.51 0.8 ]
 6 : [0.8  0.91 0.6 ]
 7 : [0.07 0.19 0.53]
 8 : [0.09 0.56 0.32]
 9 : [0.1  0.56 0.32]
10 : [0.47 0.28 1.  ]
11 : [0.39 0.59 0.82]
12 : [0.54 0.94 0.41]
--------------------------

Epoch : 1890
--------------------------
Node ----- Embedding -----

 0 : [0.66 0.   0.56]
 1 : [0.94 0.41 0.63]
 2 : [0.79 0.3  0.26]
 3 : [0.79 0.32 0.25]
 4 : [0.35 0.24 0.43]
 5 : [0.75 0.51 0.8 ]
 6 : [0.81 0.92 0.6 ]
 7 : [0.07 0.19 0.52]
 8 : [0.09 0.55 0.31]
 9 : [0.1  0.56 0.32]
10 : [0.47 0.29 1.  ]
11 : [0.38 0.59 0.81]
12 : [0.55 0.95 0.41]
--------------------------

Epoch : 1900
--------------------------
Node ----- Embedding -----

 0 : [0.66 0.   0.55]
 1 : [0.94 0.4  0.63]
 2 : [0.78 0.3  0.25]
 3 : [0.78 0.32 0.25]
 4 : [0.35 0.24 0.43]
 5 : [0.75 0.49 0.79]
 6 : [0.8  0.92 0.6 ]
 7 : [0.06 0.19 0.51]
 8 : [0.08 0.54 0.3 ]
 9 : [0.08 0.55 0.32]
10 : [0.47 0.29 1.  ]
11 : [0.36 0.58 0.81]
12 : [0.55 0.95 0.41]
--------------------------

Epoch : 1910
--------------------------
Node ----- Embedding -----

 0 : [0.66 0.   0.56]
 1 : [0.93 0.39 0.62]
 2 : [0.77 0.3  0.26]
 3 : [0.77 0.32 0.25]
 4 : [0.34 0.24 0.42]
 5 : [0.75 0.48 0.79]
 6 : [0.8  0.91 0.6 ]
 7 : [0.06 0.18 0.51]
 8 : [0.09 0.54 0.3 ]
 9 : [0.08 0.54 0.32]
10 : [0.46 0.29 1.  ]
11 : [0.35 0.58 0.79]
12 : [0.55 0.95 0.41]
--------------------------

Epoch : 1920
--------------------------
Node ----- Embedding -----

 0 : [0.65 0.   0.55]
 1 : [0.93 0.38 0.62]
 2 : [0.77 0.3  0.25]
 3 : [0.77 0.31 0.24]
 4 : [0.34 0.23 0.4 ]
 5 : [0.75 0.47 0.79]
 6 : [0.79 0.91 0.59]
 7 : [0.06 0.17 0.52]
 8 : [0.09 0.54 0.29]
 9 : [0.09 0.54 0.33]
10 : [0.46 0.28 1.  ]
11 : [0.35 0.57 0.78]
12 : [0.56 0.94 0.4 ]
--------------------------

Epoch : 1930
--------------------------
Node ----- Embedding -----

 0 : [0.65 0.   0.55]
 1 : [0.93 0.37 0.63]
 2 : [0.79 0.29 0.23]
 3 : [0.78 0.3  0.24]
 4 : [0.34 0.23 0.4 ]
 5 : [0.75 0.46 0.79]
 6 : [0.79 0.91 0.58]
 7 : [0.05 0.16 0.53]
 8 : [0.07 0.54 0.28]
 9 : [0.08 0.54 0.31]
10 : [0.46 0.28 1.  ]
11 : [0.36 0.57 0.79]
12 : [0.56 0.95 0.4 ]
--------------------------

Epoch : 1940
--------------------------
Node ----- Embedding -----

 0 : [0.65 0.   0.55]
 1 : [0.94 0.37 0.63]
 2 : [0.8  0.29 0.24]
 3 : [0.77 0.3  0.23]
 4 : [0.34 0.23 0.4 ]
 5 : [0.75 0.46 0.79]
 6 : [0.79 0.92 0.59]
 7 : [0.05 0.15 0.54]
 8 : [0.07 0.54 0.27]
 9 : [0.08 0.54 0.31]
10 : [0.46 0.27 1.  ]
11 : [0.36 0.58 0.78]
12 : [0.56 0.95 0.4 ]
--------------------------

Epoch : 1950
--------------------------
Node ----- Embedding -----

 0 : [0.65 0.   0.56]
 1 : [0.94 0.39 0.63]
 2 : [0.81 0.3  0.26]
 3 : [0.76 0.31 0.25]
 4 : [0.34 0.24 0.42]
 5 : [0.76 0.47 0.79]
 6 : [0.8  0.93 0.61]
 7 : [0.05 0.15 0.54]
 8 : [0.08 0.54 0.29]
 9 : [0.08 0.54 0.31]
10 : [0.46 0.28 1.  ]
11 : [0.38 0.58 0.79]
12 : [0.57 0.95 0.41]
--------------------------

Epoch : 1960
--------------------------
Node ----- Embedding -----

 0 : [0.65 0.   0.56]
 1 : [0.94 0.41 0.63]
 2 : [0.8  0.31 0.26]
 3 : [0.75 0.32 0.26]
 4 : [0.35 0.24 0.43]
 5 : [0.76 0.49 0.79]
 6 : [0.81 0.91 0.62]
 7 : [0.05 0.15 0.54]
 8 : [0.08 0.54 0.3 ]
 9 : [0.09 0.54 0.31]
10 : [0.46 0.29 1.  ]
11 : [0.38 0.58 0.79]
12 : [0.58 0.95 0.42]
--------------------------

Epoch : 1970
--------------------------
Node ----- Embedding -----

 0 : [0.64 0.   0.55]
 1 : [0.93 0.41 0.63]
 2 : [0.79 0.3  0.25]
 3 : [0.75 0.31 0.25]
 4 : [0.34 0.24 0.43]
 5 : [0.75 0.49 0.8 ]
 6 : [0.79 0.9  0.61]
 7 : [0.04 0.14 0.54]
 8 : [0.06 0.53 0.29]
 9 : [0.08 0.55 0.3 ]
10 : [0.45 0.28 1.  ]
11 : [0.38 0.57 0.78]
12 : [0.58 0.94 0.41]
--------------------------

Epoch : 1980
--------------------------
Node ----- Embedding -----

 0 : [0.64 0.   0.54]
 1 : [0.93 0.41 0.63]
 2 : [0.8  0.29 0.24]
 3 : [0.77 0.31 0.24]
 4 : [0.35 0.23 0.42]
 5 : [0.75 0.49 0.8 ]
 6 : [0.79 0.9  0.6 ]
 7 : [0.03 0.14 0.53]
 8 : [0.07 0.53 0.3 ]
 9 : [0.08 0.55 0.31]
10 : [0.46 0.29 1.  ]
11 : [0.37 0.57 0.78]
12 : [0.58 0.93 0.41]
--------------------------

Epoch : 1990
--------------------------
Node ----- Embedding -----

 0 : [0.65 0.   0.55]
 1 : [0.94 0.4  0.63]
 2 : [0.8  0.27 0.24]
 3 : [0.78 0.31 0.24]
 4 : [0.35 0.23 0.42]
 5 : [0.75 0.48 0.81]
 6 : [0.8  0.91 0.6 ]
 7 : [0.05 0.15 0.54]
 8 : [0.08 0.54 0.3 ]
 9 : [0.08 0.55 0.31]
10 : [0.48 0.29 1.  ]
11 : [0.37 0.57 0.78]
12 : [0.57 0.94 0.42]
--------------------------

Epoch : 2000
--------------------------
Node ----- Embedding -----

 0 : [0.65 0.   0.55]
 1 : [0.94 0.39 0.63]
 2 : [0.79 0.27 0.22]
 3 : [0.78 0.31 0.24]
 4 : [0.35 0.22 0.42]
 5 : [0.75 0.47 0.82]
 6 : [0.79 0.91 0.59]
 7 : [0.03 0.14 0.53]
 8 : [0.07 0.55 0.29]
 9 : [0.07 0.54 0.3 ]
10 : [0.48 0.28 1.  ]
11 : [0.36 0.57 0.78]
12 : [0.57 0.94 0.41]
--------------------------

