Graph : 

x = tensor([ 0.,  1.,  2.,  3.,  4.,  5.,  6.,  7.,  8.,  9., 10., 11., 12.],
       dtype=torch.float64)
edge_index = tensor([[ 1,  0,  2,  0,  2,  1,  3,  0,  3,  2,  4,  0,  5,  1,  6,  1,  6,  5,
          8,  7,  9,  7,  7,  4,  9,  8,  7,  0,  3,  1, 10,  1, 11, 10, 10,  5,
          5,  0, 10,  0, 10,  7, 12,  6],
        [ 0,  1,  0,  2,  1,  2,  0,  3,  2,  3,  0,  4,  1,  5,  1,  6,  5,  6,
          7,  8,  7,  9,  4,  7,  8,  9,  0,  7,  1,  3,  1, 10, 10, 11,  5, 10,
          0,  5,  0, 10,  7, 10,  6, 12]])

---------------------------------
---------------------------------

Number of Epochs : 100
---------------------------------
Epoch : 10
--------------------------
Node ----- Embedding -----

 0 : [0.43 0.55 0.45]
 1 : [0.42 0.43 0.67]
 2 : [0.82 0.61 0.43]
 3 : [0.27 0.55 0.52]
 4 : [0.42 0.23 0.48]
 5 : [0.6  0.58 0.82]
 6 : [0.94 0.86 1.  ]
 7 : [0.31 0.48 0.5 ]
 8 : [0.42 0.85 0.26]
 9 : [0.58 0.61 0.  ]
10 : [0.19 0.54 0.63]
11 : [0.55 0.52 0.59]
12 : [0.64 0.64 0.36]
--------------------------

Epoch : 20
--------------------------
Node ----- Embedding -----

 0 : [0.42 0.53 0.47]
 1 : [0.44 0.44 0.69]
 2 : [0.81 0.59 0.44]
 3 : [0.28 0.55 0.52]
 4 : [0.43 0.23 0.47]
 5 : [0.58 0.56 0.81]
 6 : [0.94 0.86 1.  ]
 7 : [0.31 0.49 0.48]
 8 : [0.41 0.84 0.27]
 9 : [0.56 0.6  0.  ]
10 : [0.2  0.54 0.66]
11 : [0.54 0.5  0.6 ]
12 : [0.66 0.66 0.38]
--------------------------

Epoch : 30
--------------------------
Node ----- Embedding -----

 0 : [0.41 0.51 0.48]
 1 : [0.45 0.46 0.71]
 2 : [0.8  0.57 0.45]
 3 : [0.29 0.55 0.52]
 4 : [0.43 0.23 0.47]
 5 : [0.56 0.54 0.8 ]
 6 : [0.93 0.85 1.  ]
 7 : [0.31 0.5  0.46]
 8 : [0.4  0.83 0.27]
 9 : [0.54 0.58 0.  ]
10 : [0.2  0.52 0.68]
11 : [0.52 0.49 0.61]
12 : [0.68 0.67 0.39]
--------------------------

Epoch : 40
--------------------------
Node ----- Embedding -----

 0 : [0.39 0.49 0.5 ]
 1 : [0.46 0.47 0.72]
 2 : [0.79 0.56 0.47]
 3 : [0.3  0.54 0.54]
 4 : [0.43 0.23 0.47]
 5 : [0.54 0.52 0.79]
 6 : [0.93 0.85 1.  ]
 7 : [0.31 0.5  0.44]
 8 : [0.4  0.83 0.28]
 9 : [0.53 0.57 0.  ]
10 : [0.2 0.5 0.7]
11 : [0.5  0.47 0.61]
12 : [0.7  0.68 0.4 ]
--------------------------

Epoch : 50
--------------------------
Node ----- Embedding -----

 0 : [0.38 0.47 0.52]
 1 : [0.47 0.48 0.74]
 2 : [0.78 0.54 0.48]
 3 : [0.31 0.53 0.55]
 4 : [0.43 0.23 0.46]
 5 : [0.53 0.5  0.78]
 6 : [0.94 0.85 1.  ]
 7 : [0.29 0.5  0.42]
 8 : [0.39 0.82 0.28]
 9 : [0.52 0.56 0.  ]
10 : [0.2  0.48 0.72]
11 : [0.48 0.45 0.61]
12 : [0.72 0.68 0.41]
--------------------------

Epoch : 60
--------------------------
Node ----- Embedding -----

 0 : [0.38 0.45 0.53]
 1 : [0.48 0.48 0.75]
 2 : [0.77 0.52 0.5 ]
 3 : [0.32 0.52 0.56]
 4 : [0.43 0.24 0.45]
 5 : [0.51 0.49 0.78]
 6 : [0.94 0.85 1.  ]
 7 : [0.28 0.5  0.4 ]
 8 : [0.39 0.82 0.28]
 9 : [0.5  0.55 0.  ]
10 : [0.2  0.46 0.73]
11 : [0.47 0.43 0.62]
12 : [0.73 0.68 0.42]
--------------------------

Epoch : 70
--------------------------
Node ----- Embedding -----

 0 : [0.37 0.43 0.55]
 1 : [0.49 0.49 0.77]
 2 : [0.76 0.51 0.53]
 3 : [0.34 0.51 0.58]
 4 : [0.43 0.25 0.44]
 5 : [0.51 0.48 0.79]
 6 : [0.95 0.85 1.  ]
 7 : [0.27 0.5  0.39]
 8 : [0.39 0.81 0.28]
 9 : [0.5  0.56 0.  ]
10 : [0.21 0.45 0.75]
11 : [0.46 0.42 0.62]
12 : [0.75 0.69 0.43]
--------------------------

Epoch : 80
--------------------------
Node ----- Embedding -----

 0 : [0.38 0.41 0.57]
 1 : [0.49 0.49 0.79]
 2 : [0.76 0.5  0.55]
 3 : [0.35 0.5  0.6 ]
 4 : [0.42 0.25 0.43]
 5 : [0.51 0.48 0.8 ]
 6 : [0.95 0.85 1.  ]
 7 : [0.26 0.5  0.38]
 8 : [0.39 0.82 0.28]
 9 : [0.5  0.56 0.  ]
10 : [0.21 0.44 0.76]
11 : [0.46 0.42 0.62]
12 : [0.77 0.69 0.44]
--------------------------

Epoch : 90
--------------------------
Node ----- Embedding -----

 0 : [0.38 0.39 0.59]
 1 : [0.5  0.48 0.81]
 2 : [0.75 0.48 0.57]
 3 : [0.36 0.48 0.63]
 4 : [0.42 0.25 0.43]
 5 : [0.51 0.48 0.81]
 6 : [0.95 0.85 1.  ]
 7 : [0.24 0.5  0.37]
 8 : [0.39 0.82 0.27]
 9 : [0.5  0.57 0.  ]
10 : [0.21 0.42 0.77]
11 : [0.45 0.42 0.63]
12 : [0.79 0.69 0.45]
--------------------------

Epoch : 100
--------------------------
Node ----- Embedding -----

 0 : [0.38 0.37 0.61]
 1 : [0.5  0.48 0.84]
 2 : [0.75 0.46 0.59]
 3 : [0.38 0.46 0.66]
 4 : [0.43 0.26 0.42]
 5 : [0.51 0.48 0.82]
 6 : [0.96 0.86 1.  ]
 7 : [0.23 0.5  0.36]
 8 : [0.38 0.82 0.26]
 9 : [0.5  0.58 0.  ]
10 : [0.2  0.42 0.77]
11 : [0.45 0.42 0.63]
12 : [0.8  0.7  0.46]
--------------------------

