Graph : 

x = tensor([ 0.,  1.,  2.,  3.,  4.,  5.,  6.,  7.,  8.,  9., 10., 11., 12.],
       dtype=torch.float64)
edge_index = tensor([[ 1,  0,  2,  0,  2,  1,  3,  0,  3,  2,  4,  0,  5,  1,  6,  1,  6,  5,
          8,  7,  9,  7,  7,  4,  9,  8,  7,  0,  3,  1, 10,  1, 11, 10, 10,  5,
          5,  0, 10,  0, 10,  7, 12,  6],
        [ 0,  1,  0,  2,  1,  2,  0,  3,  2,  3,  0,  4,  1,  5,  1,  6,  5,  6,
          7,  8,  7,  9,  4,  7,  8,  9,  0,  7,  1,  3,  1, 10, 10, 11,  5, 10,
          0,  5,  0, 10,  7, 10,  6, 12]])

---------------------------------
---------------------------------

Number of Epochs : 500
---------------------------------
Epoch : 10
--------------------------
Node ----- Embedding -----

 0 : [0.43 0.4  0.54]
 1 : [0.49 0.23 0.24]
 2 : [0.35 0.61 0.39]
 3 : [0.73 0.7  0.5 ]
 4 : [1.   0.25 0.59]
 5 : [0.43 0.46 0.6 ]
 6 : [0.41 0.33 0.75]
 7 : [0.38 0.73 0.6 ]
 8 : [0.54 0.53 0.76]
 9 : [0.   0.68 0.31]
10 : [0.75 0.31 0.24]
11 : [0.66 0.27 0.28]
12 : [0.37 0.19 0.63]
--------------------------

Epoch : 20
--------------------------
Node ----- Embedding -----

 0 : [0.45 0.42 0.52]
 1 : [0.48 0.23 0.25]
 2 : [0.37 0.62 0.38]
 3 : [0.72 0.69 0.47]
 4 : [1.   0.26 0.62]
 5 : [0.45 0.43 0.57]
 6 : [0.39 0.3  0.74]
 7 : [0.41 0.71 0.58]
 8 : [0.52 0.55 0.75]
 9 : [0.   0.72 0.33]
10 : [0.73 0.32 0.25]
11 : [0.66 0.28 0.29]
12 : [0.38 0.2  0.66]
--------------------------

Epoch : 30
--------------------------
Node ----- Embedding -----

 0 : [0.47 0.42 0.5 ]
 1 : [0.47 0.24 0.26]
 2 : [0.38 0.65 0.36]
 3 : [0.7  0.68 0.45]
 4 : [1.   0.28 0.65]
 5 : [0.47 0.41 0.55]
 6 : [0.37 0.27 0.73]
 7 : [0.43 0.7  0.57]
 8 : [0.5  0.58 0.74]
 9 : [0.   0.75 0.35]
10 : [0.72 0.34 0.27]
11 : [0.66 0.3  0.3 ]
12 : [0.38 0.22 0.69]
--------------------------

Epoch : 40
--------------------------
Node ----- Embedding -----

 0 : [0.5  0.43 0.47]
 1 : [0.46 0.25 0.26]
 2 : [0.4  0.65 0.33]
 3 : [0.69 0.67 0.42]
 4 : [1.   0.29 0.67]
 5 : [0.48 0.38 0.53]
 6 : [0.35 0.25 0.73]
 7 : [0.45 0.68 0.56]
 8 : [0.47 0.62 0.73]
 9 : [0.   0.79 0.37]
10 : [0.71 0.35 0.27]
11 : [0.68 0.31 0.31]
12 : [0.38 0.23 0.72]
--------------------------

Epoch : 50
--------------------------
Node ----- Embedding -----

 0 : [0.52 0.44 0.44]
 1 : [0.45 0.26 0.26]
 2 : [0.42 0.65 0.3 ]
 3 : [0.68 0.66 0.39]
 4 : [1.   0.31 0.69]
 5 : [0.47 0.36 0.52]
 6 : [0.34 0.23 0.72]
 7 : [0.46 0.67 0.57]
 8 : [0.45 0.64 0.72]
 9 : [0.   0.83 0.38]
10 : [0.7  0.36 0.26]
11 : [0.69 0.33 0.32]
12 : [0.4  0.24 0.75]
--------------------------

Epoch : 60
--------------------------
Node ----- Embedding -----

 0 : [0.55 0.44 0.41]
 1 : [0.45 0.26 0.24]
 2 : [0.43 0.65 0.27]
 3 : [0.67 0.66 0.36]
 4 : [1.   0.32 0.71]
 5 : [0.47 0.33 0.5 ]
 6 : [0.33 0.21 0.72]
 7 : [0.48 0.67 0.58]
 8 : [0.43 0.67 0.72]
 9 : [0.   0.87 0.4 ]
10 : [0.69 0.36 0.26]
11 : [0.7  0.34 0.32]
12 : [0.4  0.25 0.77]
--------------------------

Epoch : 70
--------------------------
Node ----- Embedding -----

 0 : [0.57 0.44 0.37]
 1 : [0.46 0.26 0.23]
 2 : [0.45 0.64 0.25]
 3 : [0.66 0.65 0.34]
 4 : [1.   0.34 0.72]
 5 : [0.47 0.3  0.48]
 6 : [0.31 0.18 0.72]
 7 : [0.5  0.67 0.58]
 8 : [0.42 0.7  0.72]
 9 : [0.   0.9  0.42]
10 : [0.69 0.36 0.25]
11 : [0.71 0.35 0.32]
12 : [0.39 0.26 0.8 ]
--------------------------

Epoch : 80
--------------------------
Node ----- Embedding -----

 0 : [0.6  0.44 0.34]
 1 : [0.46 0.26 0.21]
 2 : [0.47 0.63 0.23]
 3 : [0.66 0.65 0.31]
 4 : [1.   0.36 0.73]
 5 : [0.46 0.27 0.46]
 6 : [0.29 0.16 0.71]
 7 : [0.51 0.67 0.58]
 8 : [0.4  0.73 0.72]
 9 : [0.   0.94 0.44]
10 : [0.68 0.36 0.24]
11 : [0.72 0.36 0.33]
12 : [0.39 0.27 0.82]
--------------------------

Epoch : 90
--------------------------
Node ----- Embedding -----

 0 : [0.62 0.43 0.31]
 1 : [0.45 0.25 0.19]
 2 : [0.49 0.62 0.2 ]
 3 : [0.65 0.63 0.27]
 4 : [1.   0.37 0.74]
 5 : [0.46 0.23 0.44]
 6 : [0.27 0.13 0.7 ]
 7 : [0.53 0.68 0.58]
 8 : [0.39 0.76 0.73]
 9 : [0.   0.97 0.46]
10 : [0.68 0.35 0.22]
11 : [0.73 0.37 0.35]
12 : [0.38 0.27 0.84]
--------------------------

Epoch : 100
--------------------------
Node ----- Embedding -----

 0 : [0.64 0.42 0.28]
 1 : [0.44 0.23 0.17]
 2 : [0.5  0.61 0.17]
 3 : [0.64 0.62 0.24]
 4 : [1.   0.39 0.74]
 5 : [0.46 0.2  0.41]
 6 : [0.24 0.1  0.69]
 7 : [0.54 0.68 0.57]
 8 : [0.37 0.78 0.74]
 9 : [0.   0.99 0.47]
10 : [0.68 0.34 0.21]
11 : [0.74 0.38 0.35]
12 : [0.36 0.27 0.87]
--------------------------

Epoch : 110
--------------------------
Node ----- Embedding -----

 0 : [0.65 0.4  0.25]
 1 : [0.42 0.21 0.14]
 2 : [0.5  0.58 0.15]
 3 : [0.62 0.59 0.21]
 4 : [0.97 0.39 0.72]
 5 : [0.44 0.17 0.37]
 6 : [0.21 0.06 0.68]
 7 : [0.53 0.69 0.56]
 8 : [0.35 0.78 0.74]
 9 : [0.   1.   0.48]
10 : [0.67 0.33 0.2 ]
11 : [0.73 0.38 0.35]
12 : [0.34 0.25 0.87]
--------------------------

Epoch : 120
--------------------------
Node ----- Embedding -----

 0 : [0.65 0.39 0.22]
 1 : [0.39 0.18 0.12]
 2 : [0.49 0.55 0.12]
 3 : [0.6  0.56 0.18]
 4 : [0.95 0.39 0.7 ]
 5 : [0.42 0.14 0.33]
 6 : [0.19 0.03 0.66]
 7 : [0.52 0.69 0.54]
 8 : [0.33 0.78 0.73]
 9 : [0.   1.   0.48]
10 : [0.66 0.32 0.18]
11 : [0.72 0.37 0.35]
12 : [0.31 0.24 0.86]
--------------------------

Epoch : 130
--------------------------
Node ----- Embedding -----

 0 : [0.66 0.38 0.19]
 1 : [0.36 0.15 0.09]
 2 : [0.48 0.53 0.09]
 3 : [0.57 0.54 0.15]
 4 : [0.92 0.4  0.68]
 5 : [0.4  0.11 0.3 ]
 6 : [0.16 0.   0.64]
 7 : [0.52 0.69 0.51]
 8 : [0.31 0.78 0.71]
 9 : [0.   1.   0.48]
10 : [0.65 0.31 0.16]
11 : [0.7  0.37 0.34]
12 : [0.29 0.23 0.85]
--------------------------

Epoch : 140
--------------------------
Node ----- Embedding -----

 0 : [0.66 0.38 0.17]
 1 : [0.35 0.15 0.08]
 2 : [0.48 0.51 0.09]
 3 : [0.56 0.53 0.14]
 4 : [0.9  0.41 0.67]
 5 : [0.4  0.1  0.28]
 6 : [0.15 0.   0.63]
 7 : [0.52 0.7  0.49]
 8 : [0.3  0.78 0.71]
 9 : [0.02 1.   0.49]
10 : [0.65 0.31 0.16]
11 : [0.7  0.37 0.35]
12 : [0.28 0.23 0.85]
--------------------------

Epoch : 150
--------------------------
Node ----- Embedding -----

 0 : [0.68 0.39 0.15]
 1 : [0.36 0.15 0.08]
 2 : [0.48 0.5  0.1 ]
 3 : [0.55 0.52 0.13]
 4 : [0.89 0.43 0.66]
 5 : [0.39 0.1  0.28]
 6 : [0.15 0.   0.62]
 7 : [0.53 0.71 0.48]
 8 : [0.3  0.79 0.71]
 9 : [0.03 1.   0.5 ]
10 : [0.66 0.32 0.16]
11 : [0.7  0.37 0.36]
12 : [0.28 0.24 0.84]
--------------------------

Epoch : 160
--------------------------
Node ----- Embedding -----

 0 : [0.7  0.41 0.15]
 1 : [0.37 0.15 0.08]
 2 : [0.5  0.5  0.12]
 3 : [0.55 0.52 0.14]
 4 : [0.89 0.45 0.65]
 5 : [0.4  0.1  0.28]
 6 : [0.15 0.   0.63]
 7 : [0.56 0.74 0.5 ]
 8 : [0.32 0.8  0.71]
 9 : [0.07 1.   0.52]
10 : [0.68 0.33 0.18]
11 : [0.7  0.39 0.38]
12 : [0.29 0.25 0.86]
--------------------------

Epoch : 170
--------------------------
Node ----- Embedding -----

 0 : [0.72 0.43 0.14]
 1 : [0.38 0.16 0.08]
 2 : [0.51 0.49 0.12]
 3 : [0.55 0.51 0.14]
 4 : [0.9  0.48 0.65]
 5 : [0.41 0.09 0.29]
 6 : [0.15 0.   0.63]
 7 : [0.58 0.76 0.5 ]
 8 : [0.33 0.82 0.72]
 9 : [0.09 1.   0.53]
10 : [0.69 0.35 0.19]
11 : [0.69 0.41 0.4 ]
12 : [0.29 0.25 0.86]
--------------------------

Epoch : 180
--------------------------
Node ----- Embedding -----

 0 : [0.74 0.44 0.15]
 1 : [0.39 0.16 0.08]
 2 : [0.51 0.48 0.12]
 3 : [0.55 0.51 0.14]
 4 : [0.9  0.5  0.64]
 5 : [0.42 0.1  0.3 ]
 6 : [0.15 0.   0.64]
 7 : [0.61 0.79 0.51]
 8 : [0.33 0.83 0.72]
 9 : [0.12 1.   0.55]
10 : [0.7  0.37 0.2 ]
11 : [0.7  0.42 0.42]
12 : [0.3  0.26 0.87]
--------------------------

Epoch : 190
--------------------------
Node ----- Embedding -----

 0 : [0.76 0.45 0.15]
 1 : [0.38 0.17 0.08]
 2 : [0.51 0.47 0.12]
 3 : [0.54 0.5  0.14]
 4 : [0.91 0.52 0.64]
 5 : [0.43 0.11 0.3 ]
 6 : [0.15 0.   0.64]
 7 : [0.62 0.81 0.51]
 8 : [0.34 0.84 0.72]
 9 : [0.14 1.   0.56]
10 : [0.72 0.38 0.21]
11 : [0.7  0.42 0.44]
12 : [0.3  0.26 0.87]
--------------------------

Epoch : 200
--------------------------
Node ----- Embedding -----

 0 : [0.77 0.46 0.14]
 1 : [0.39 0.17 0.07]
 2 : [0.51 0.47 0.13]
 3 : [0.53 0.5  0.14]
 4 : [0.91 0.54 0.64]
 5 : [0.45 0.12 0.3 ]
 6 : [0.15 0.   0.64]
 7 : [0.64 0.83 0.5 ]
 8 : [0.35 0.85 0.72]
 9 : [0.16 1.   0.57]
10 : [0.73 0.39 0.22]
11 : [0.7  0.43 0.45]
12 : [0.29 0.26 0.87]
--------------------------

Epoch : 210
--------------------------
Node ----- Embedding -----

 0 : [0.78 0.47 0.15]
 1 : [0.39 0.16 0.07]
 2 : [0.5  0.47 0.15]
 3 : [0.52 0.49 0.14]
 4 : [0.91 0.56 0.64]
 5 : [0.48 0.13 0.29]
 6 : [0.15 0.   0.65]
 7 : [0.66 0.85 0.5 ]
 8 : [0.35 0.87 0.73]
 9 : [0.17 1.   0.58]
10 : [0.75 0.4  0.23]
11 : [0.7  0.43 0.46]
12 : [0.29 0.26 0.87]
--------------------------

Epoch : 220
--------------------------
Node ----- Embedding -----

 0 : [0.8  0.48 0.15]
 1 : [0.39 0.17 0.09]
 2 : [0.5  0.48 0.17]
 3 : [0.51 0.49 0.16]
 4 : [0.91 0.57 0.65]
 5 : [0.5  0.14 0.29]
 6 : [0.14 0.   0.66]
 7 : [0.68 0.87 0.51]
 8 : [0.36 0.88 0.73]
 9 : [0.2  1.   0.59]
10 : [0.77 0.42 0.23]
11 : [0.71 0.45 0.48]
12 : [0.3  0.26 0.88]
--------------------------

Epoch : 230
--------------------------
Node ----- Embedding -----

 0 : [0.81 0.48 0.15]
 1 : [0.4  0.17 0.09]
 2 : [0.5  0.49 0.17]
 3 : [0.5  0.49 0.17]
 4 : [0.92 0.59 0.64]
 5 : [0.51 0.15 0.29]
 6 : [0.15 0.   0.65]
 7 : [0.7  0.89 0.51]
 8 : [0.36 0.89 0.73]
 9 : [0.21 1.   0.6 ]
10 : [0.79 0.43 0.24]
11 : [0.73 0.45 0.49]
12 : [0.3  0.26 0.88]
--------------------------

Epoch : 240
--------------------------
Node ----- Embedding -----

 0 : [0.82 0.49 0.15]
 1 : [0.41 0.17 0.09]
 2 : [0.49 0.49 0.16]
 3 : [0.48 0.49 0.17]
 4 : [0.91 0.59 0.63]
 5 : [0.53 0.15 0.3 ]
 6 : [0.16 0.   0.65]
 7 : [0.71 0.91 0.51]
 8 : [0.37 0.89 0.72]
 9 : [0.22 1.   0.61]
10 : [0.81 0.44 0.25]
11 : [0.75 0.45 0.5 ]
12 : [0.3  0.27 0.88]
--------------------------

Epoch : 250
--------------------------
Node ----- Embedding -----

 0 : [0.82 0.51 0.15]
 1 : [0.43 0.18 0.1 ]
 2 : [0.48 0.5  0.18]
 3 : [0.48 0.49 0.17]
 4 : [0.92 0.6  0.63]
 5 : [0.53 0.16 0.32]
 6 : [0.17 0.   0.65]
 7 : [0.73 0.92 0.52]
 8 : [0.38 0.89 0.71]
 9 : [0.24 1.   0.62]
10 : [0.82 0.44 0.26]
11 : [0.76 0.45 0.51]
12 : [0.3  0.27 0.88]
--------------------------

Epoch : 260
--------------------------
Node ----- Embedding -----

 0 : [0.83 0.51 0.15]
 1 : [0.43 0.18 0.11]
 2 : [0.47 0.5  0.19]
 3 : [0.47 0.49 0.18]
 4 : [0.92 0.62 0.62]
 5 : [0.54 0.17 0.33]
 6 : [0.18 0.   0.65]
 7 : [0.74 0.93 0.53]
 8 : [0.38 0.9  0.71]
 9 : [0.25 1.   0.63]
10 : [0.84 0.44 0.28]
11 : [0.76 0.46 0.53]
12 : [0.3  0.27 0.88]
--------------------------

Epoch : 270
--------------------------
Node ----- Embedding -----

 0 : [0.85 0.52 0.14]
 1 : [0.44 0.18 0.11]
 2 : [0.47 0.49 0.18]
 3 : [0.46 0.49 0.19]
 4 : [0.92 0.63 0.62]
 5 : [0.56 0.18 0.35]
 6 : [0.18 0.   0.65]
 7 : [0.75 0.95 0.54]
 8 : [0.39 0.91 0.72]
 9 : [0.26 1.   0.64]
10 : [0.85 0.44 0.29]
11 : [0.76 0.46 0.55]
12 : [0.29 0.27 0.89]
--------------------------

Epoch : 280
--------------------------
Node ----- Embedding -----

 0 : [0.86 0.53 0.13]
 1 : [0.45 0.18 0.1 ]
 2 : [0.46 0.49 0.16]
 3 : [0.45 0.5  0.18]
 4 : [0.93 0.64 0.62]
 5 : [0.58 0.17 0.36]
 6 : [0.19 0.   0.67]
 7 : [0.77 0.97 0.54]
 8 : [0.39 0.93 0.72]
 9 : [0.26 1.   0.65]
10 : [0.88 0.44 0.3 ]
11 : [0.77 0.46 0.56]
12 : [0.27 0.26 0.91]
--------------------------

Epoch : 290
--------------------------
Node ----- Embedding -----

 0 : [0.86 0.52 0.12]
 1 : [0.45 0.18 0.09]
 2 : [0.45 0.49 0.14]
 3 : [0.44 0.5  0.15]
 4 : [0.93 0.64 0.62]
 5 : [0.61 0.16 0.35]
 6 : [0.2  0.   0.67]
 7 : [0.79 0.99 0.54]
 8 : [0.39 0.94 0.72]
 9 : [0.25 1.   0.66]
10 : [0.9  0.43 0.3 ]
11 : [0.78 0.46 0.57]
12 : [0.27 0.26 0.9 ]
--------------------------

Epoch : 300
--------------------------
Node ----- Embedding -----

 0 : [0.87 0.52 0.1 ]
 1 : [0.44 0.17 0.09]
 2 : [0.43 0.5  0.13]
 3 : [0.42 0.48 0.13]
 4 : [0.92 0.64 0.62]
 5 : [0.6  0.15 0.36]
 6 : [0.22 0.   0.65]
 7 : [0.79 0.99 0.54]
 8 : [0.38 0.94 0.72]
 9 : [0.24 1.   0.67]
10 : [0.92 0.43 0.3 ]
11 : [0.79 0.45 0.58]
12 : [0.26 0.26 0.9 ]
--------------------------

Epoch : 310
--------------------------
Node ----- Embedding -----

 0 : [0.86 0.53 0.09]
 1 : [0.44 0.17 0.09]
 2 : [0.41 0.49 0.12]
 3 : [0.41 0.48 0.12]
 4 : [0.89 0.64 0.61]
 5 : [0.59 0.13 0.36]
 6 : [0.23 0.   0.64]
 7 : [0.8  1.   0.53]
 8 : [0.38 0.93 0.71]
 9 : [0.25 1.   0.67]
10 : [0.92 0.43 0.31]
11 : [0.78 0.45 0.6 ]
12 : [0.26 0.26 0.88]
--------------------------

Epoch : 320
--------------------------
Node ----- Embedding -----

 0 : [0.85 0.54 0.1 ]
 1 : [0.45 0.17 0.09]
 2 : [0.39 0.49 0.12]
 3 : [0.4  0.47 0.12]
 4 : [0.87 0.64 0.6 ]
 5 : [0.59 0.12 0.36]
 6 : [0.23 0.   0.64]
 7 : [0.8  0.99 0.52]
 8 : [0.38 0.92 0.71]
 9 : [0.26 1.   0.67]
10 : [0.92 0.42 0.32]
11 : [0.76 0.44 0.61]
12 : [0.26 0.26 0.87]
--------------------------

Epoch : 330
--------------------------
Node ----- Embedding -----

 0 : [0.84 0.54 0.1 ]
 1 : [0.47 0.17 0.1 ]
 2 : [0.38 0.48 0.11]
 3 : [0.39 0.47 0.12]
 4 : [0.85 0.64 0.58]
 5 : [0.6  0.12 0.36]
 6 : [0.23 0.   0.64]
 7 : [0.8  0.98 0.52]
 8 : [0.37 0.92 0.71]
 9 : [0.27 1.   0.67]
10 : [0.93 0.42 0.34]
11 : [0.76 0.44 0.62]
12 : [0.26 0.26 0.86]
--------------------------

Epoch : 340
--------------------------
Node ----- Embedding -----

 0 : [0.84 0.55 0.1 ]
 1 : [0.49 0.17 0.1 ]
 2 : [0.38 0.49 0.1 ]
 3 : [0.39 0.49 0.12]
 4 : [0.85 0.65 0.58]
 5 : [0.62 0.13 0.37]
 6 : [0.23 0.   0.65]
 7 : [0.8  0.98 0.53]
 8 : [0.38 0.92 0.71]
 9 : [0.29 1.   0.68]
10 : [0.95 0.42 0.36]
11 : [0.77 0.44 0.64]
12 : [0.27 0.27 0.86]
--------------------------

Epoch : 350
--------------------------
Node ----- Embedding -----

 0 : [0.85 0.55 0.1 ]
 1 : [0.49 0.17 0.11]
 2 : [0.38 0.5  0.11]
 3 : [0.39 0.5  0.11]
 4 : [0.85 0.66 0.58]
 5 : [0.65 0.13 0.37]
 6 : [0.23 0.   0.66]
 7 : [0.82 0.99 0.55]
 8 : [0.38 0.93 0.73]
 9 : [0.3 1.  0.7]
10 : [0.99 0.43 0.38]
11 : [0.79 0.44 0.66]
12 : [0.28 0.28 0.88]
--------------------------

Epoch : 360
--------------------------
Node ----- Embedding -----

 0 : [0.86 0.55 0.09]
 1 : [0.5  0.17 0.12]
 2 : [0.37 0.52 0.12]
 3 : [0.38 0.51 0.12]
 4 : [0.83 0.66 0.56]
 5 : [0.66 0.13 0.38]
 6 : [0.24 0.   0.67]
 7 : [0.83 1.   0.55]
 8 : [0.38 0.94 0.73]
 9 : [0.31 0.99 0.7 ]
10 : [1.   0.42 0.4 ]
11 : [0.81 0.44 0.67]
12 : [0.27 0.28 0.88]
--------------------------

Epoch : 370
--------------------------
Node ----- Embedding -----

 0 : [0.85 0.55 0.08]
 1 : [0.51 0.16 0.13]
 2 : [0.36 0.52 0.11]
 3 : [0.36 0.5  0.1 ]
 4 : [0.82 0.66 0.53]
 5 : [0.65 0.12 0.38]
 6 : [0.25 0.   0.65]
 7 : [0.82 1.   0.56]
 8 : [0.38 0.93 0.72]
 9 : [0.32 0.97 0.7 ]
10 : [1.   0.41 0.4 ]
11 : [0.81 0.44 0.68]
12 : [0.26 0.28 0.86]
--------------------------

Epoch : 380
--------------------------
Node ----- Embedding -----

 0 : [0.84 0.55 0.07]
 1 : [0.51 0.15 0.14]
 2 : [0.35 0.51 0.1 ]
 3 : [0.35 0.51 0.1 ]
 4 : [0.81 0.67 0.52]
 5 : [0.66 0.12 0.38]
 6 : [0.25 0.   0.64]
 7 : [0.82 1.   0.57]
 8 : [0.37 0.92 0.72]
 9 : [0.32 0.97 0.69]
10 : [1.   0.39 0.4 ]
11 : [0.79 0.43 0.68]
12 : [0.25 0.27 0.86]
--------------------------

Epoch : 390
--------------------------
Node ----- Embedding -----

 0 : [0.83 0.55 0.07]
 1 : [0.52 0.15 0.13]
 2 : [0.34 0.51 0.09]
 3 : [0.34 0.52 0.1 ]
 4 : [0.8  0.68 0.51]
 5 : [0.66 0.12 0.38]
 6 : [0.25 0.   0.65]
 7 : [0.82 1.   0.57]
 8 : [0.37 0.92 0.73]
 9 : [0.33 0.96 0.7 ]
10 : [1.   0.38 0.42]
11 : [0.79 0.43 0.69]
12 : [0.23 0.27 0.86]
--------------------------

Epoch : 400
--------------------------
Node ----- Embedding -----

 0 : [0.82 0.56 0.08]
 1 : [0.53 0.14 0.14]
 2 : [0.33 0.51 0.09]
 3 : [0.35 0.52 0.11]
 4 : [0.79 0.69 0.5 ]
 5 : [0.66 0.12 0.37]
 6 : [0.25 0.   0.65]
 7 : [0.83 1.   0.57]
 8 : [0.38 0.92 0.73]
 9 : [0.34 0.95 0.7 ]
10 : [1.   0.38 0.45]
11 : [0.78 0.43 0.7 ]
12 : [0.22 0.27 0.86]
--------------------------

Epoch : 410
--------------------------
Node ----- Embedding -----

 0 : [0.81 0.56 0.07]
 1 : [0.53 0.14 0.14]
 2 : [0.33 0.52 0.1 ]
 3 : [0.34 0.5  0.11]
 4 : [0.77 0.69 0.49]
 5 : [0.65 0.12 0.38]
 6 : [0.26 0.   0.65]
 7 : [0.82 0.99 0.57]
 8 : [0.37 0.91 0.73]
 9 : [0.34 0.94 0.7 ]
10 : [1.   0.36 0.47]
11 : [0.78 0.43 0.7 ]
12 : [0.21 0.28 0.85]
--------------------------

Epoch : 420
--------------------------
Node ----- Embedding -----

 0 : [0.8  0.57 0.06]
 1 : [0.54 0.15 0.15]
 2 : [0.33 0.51 0.09]
 3 : [0.35 0.5  0.12]
 4 : [0.76 0.69 0.48]
 5 : [0.64 0.13 0.39]
 6 : [0.28 0.   0.64]
 7 : [0.82 0.97 0.57]
 8 : [0.38 0.9  0.72]
 9 : [0.35 0.92 0.7 ]
10 : [1.   0.36 0.48]
11 : [0.78 0.42 0.7 ]
12 : [0.22 0.29 0.83]
--------------------------

Epoch : 430
--------------------------
Node ----- Embedding -----

 0 : [0.8  0.56 0.05]
 1 : [0.53 0.14 0.14]
 2 : [0.32 0.51 0.09]
 3 : [0.35 0.5  0.12]
 4 : [0.74 0.69 0.45]
 5 : [0.64 0.13 0.39]
 6 : [0.27 0.   0.64]
 7 : [0.81 0.96 0.56]
 8 : [0.37 0.89 0.71]
 9 : [0.35 0.92 0.7 ]
10 : [1.   0.36 0.48]
11 : [0.77 0.41 0.7 ]
12 : [0.22 0.29 0.81]
--------------------------

Epoch : 440
--------------------------
Node ----- Embedding -----

 0 : [0.78 0.55 0.04]
 1 : [0.52 0.13 0.14]
 2 : [0.31 0.49 0.09]
 3 : [0.33 0.5  0.12]
 4 : [0.71 0.68 0.44]
 5 : [0.64 0.14 0.38]
 6 : [0.25 0.   0.63]
 7 : [0.8  0.94 0.55]
 8 : [0.37 0.87 0.69]
 9 : [0.34 0.9  0.69]
10 : [1.   0.35 0.48]
11 : [0.76 0.41 0.7 ]
12 : [0.2  0.28 0.79]
--------------------------

Epoch : 450
--------------------------
Node ----- Embedding -----

 0 : [0.78 0.54 0.05]
 1 : [0.51 0.13 0.14]
 2 : [0.3  0.46 0.08]
 3 : [0.33 0.48 0.12]
 4 : [0.7  0.68 0.43]
 5 : [0.64 0.13 0.38]
 6 : [0.24 0.   0.62]
 7 : [0.79 0.94 0.56]
 8 : [0.37 0.86 0.69]
 9 : [0.34 0.88 0.69]
10 : [1.   0.34 0.46]
11 : [0.74 0.4  0.7 ]
12 : [0.19 0.27 0.79]
--------------------------

Epoch : 460
--------------------------
Node ----- Embedding -----

 0 : [0.78 0.54 0.05]
 1 : [0.51 0.14 0.14]
 2 : [0.3  0.46 0.09]
 3 : [0.33 0.47 0.11]
 4 : [0.69 0.68 0.43]
 5 : [0.64 0.13 0.38]
 6 : [0.24 0.   0.62]
 7 : [0.79 0.94 0.55]
 8 : [0.37 0.85 0.68]
 9 : [0.34 0.88 0.69]
10 : [1.   0.33 0.45]
11 : [0.73 0.4  0.7 ]
12 : [0.19 0.28 0.77]
--------------------------

Epoch : 470
--------------------------
Node ----- Embedding -----

 0 : [0.77 0.55 0.03]
 1 : [0.52 0.13 0.14]
 2 : [0.3  0.45 0.09]
 3 : [0.33 0.47 0.1 ]
 4 : [0.68 0.68 0.42]
 5 : [0.65 0.12 0.38]
 6 : [0.24 0.   0.62]
 7 : [0.79 0.93 0.54]
 8 : [0.37 0.85 0.68]
 9 : [0.34 0.88 0.69]
10 : [1.   0.33 0.44]
11 : [0.72 0.39 0.69]
12 : [0.18 0.27 0.76]
--------------------------

Epoch : 480
--------------------------
Node ----- Embedding -----

 0 : [0.77 0.55 0.02]
 1 : [0.51 0.12 0.14]
 2 : [0.3  0.45 0.09]
 3 : [0.32 0.47 0.1 ]
 4 : [0.66 0.68 0.42]
 5 : [0.65 0.11 0.37]
 6 : [0.24 0.   0.61]
 7 : [0.79 0.92 0.53]
 8 : [0.36 0.84 0.67]
 9 : [0.34 0.86 0.68]
10 : [1.   0.32 0.45]
11 : [0.72 0.38 0.68]
12 : [0.17 0.27 0.75]
--------------------------

Epoch : 490
--------------------------
Node ----- Embedding -----

 0 : [0.76 0.54 0.  ]
 1 : [0.51 0.11 0.13]
 2 : [0.29 0.45 0.08]
 3 : [0.31 0.48 0.08]
 4 : [0.65 0.68 0.42]
 5 : [0.64 0.1  0.37]
 6 : [0.25 0.   0.61]
 7 : [0.79 0.92 0.53]
 8 : [0.36 0.84 0.67]
 9 : [0.34 0.86 0.68]
10 : [1.   0.32 0.46]
11 : [0.71 0.37 0.68]
12 : [0.17 0.26 0.74]
--------------------------

Epoch : 500
--------------------------
Node ----- Embedding -----

 0 : [0.76 0.54 0.01]
 1 : [0.51 0.1  0.13]
 2 : [0.29 0.46 0.08]
 3 : [0.3  0.47 0.07]
 4 : [0.64 0.69 0.42]
 5 : [0.64 0.1  0.37]
 6 : [0.26 0.   0.61]
 7 : [0.79 0.93 0.52]
 8 : [0.36 0.85 0.68]
 9 : [0.34 0.87 0.69]
10 : [1.   0.32 0.48]
11 : [0.72 0.37 0.69]
12 : [0.18 0.26 0.73]
--------------------------

