              precision    recall  f1-score   support

           0       0.56      1.00      0.71         5
           1       0.91      1.00      0.95        10
           2       1.00      1.00      1.00         3
           3       0.67      1.00      0.80         2
           4       0.75      1.00      0.86         3
           5       0.62      1.00      0.77         5
           6       0.75      1.00      0.86         3
           7       0.67      1.00      0.80         4
           8       1.00      1.00      1.00         2
           9       0.67      1.00      0.80         2
          10       0.71      1.00      0.83         5
          11       0.67      1.00      0.80         2

   micro avg       0.73      1.00      0.84        46
   macro avg       0.75      1.00      0.85        46
weighted avg       0.76      1.00      0.85        46
 samples avg       0.76      1.00      0.85        46
