              precision    recall  f1-score   support

           0       0.78      1.00      0.88         7
           1       0.90      1.00      0.95         9
           2       0.80      1.00      0.89         4
           3       0.50      1.00      0.67         1
           4       0.83      1.00      0.91         5
           5       0.67      1.00      0.80         4
           6       1.00      1.00      1.00         3
           7       0.62      1.00      0.77         5
           8       1.00      1.00      1.00         2
           9       1.00      0.50      0.67         2
          10       0.80      1.00      0.89         4
          11       0.50      1.00      0.67         1

   micro avg       0.78      0.98      0.87        47
   macro avg       0.78      0.96      0.84        47
weighted avg       0.81      0.98      0.87        47
 samples avg       0.80      0.97      0.87        47
