              precision    recall  f1-score   support

           0       0.70      1.00      0.82         7
           1       0.92      1.00      0.96        11
           2       1.00      1.00      1.00         4
           3       1.00      1.00      1.00         2
           4       0.80      1.00      0.89         4
           5       0.57      0.80      0.67         5
           6       0.67      1.00      0.80         2
           7       0.60      1.00      0.75         3
           8       1.00      1.00      1.00         1
           9       0.25      1.00      0.40         1
          10       0.83      1.00      0.91         5
          11       0.50      1.00      0.67         1

   micro avg       0.74      0.98      0.84        46
   macro avg       0.74      0.98      0.82        46
weighted avg       0.78      0.98      0.86        46
 samples avg       0.77      0.99      0.85        46
