              precision    recall  f1-score   support

           0       0.70      1.00      0.82         7
           1       0.82      1.00      0.90         9
           2       0.83      1.00      0.91         5
           3       0.67      1.00      0.80         2
           4       0.80      1.00      0.89         4
           5       0.71      1.00      0.83         5
           6       1.00      1.00      1.00         1
           7       0.67      1.00      0.80         4
           8       1.00      1.00      1.00         1
           9       0.50      1.00      0.67         2
          10       0.62      1.00      0.77         5
          11       0.40      1.00      0.57         2

   micro avg       0.70      1.00      0.82        47
   macro avg       0.73      1.00      0.83        47
weighted avg       0.73      1.00      0.84        47
 samples avg       0.74      1.00      0.83        47
