              precision    recall  f1-score   support

           0       0.86      1.00      0.92         6
           1       0.90      1.00      0.95         9
           2       0.80      1.00      0.89         4
           3       1.00      1.00      1.00         1
           4       1.00      1.00      1.00         4
           5       0.62      1.00      0.77         5
           6       0.75      1.00      0.86         3
           7       0.67      1.00      0.80         4
           8       1.00      1.00      1.00         2
           9       1.00      1.00      1.00         1
          10       0.71      1.00      0.83         5
          11       0.67      1.00      0.80         2

   micro avg       0.79      1.00      0.88        46
   macro avg       0.83      1.00      0.90        46
weighted avg       0.81      1.00      0.89        46
 samples avg       0.82      1.00      0.89        46
