Graph : 

data = {'_edge_attr_cls': <class 'torch_geometric.data.data.DataEdgeAttr'>, '_tensor_attr_cls': <class 'torch_geometric.data.data.DataTensorAttr'>, '_store': {'x': tensor([ 0.,  1.,  2.,  3.,  4.,  5.,  6.,  7.,  8.,  9., 10., 11., 12.],
       dtype=torch.float64), 'edge_index': tensor([[ 1,  0,  2,  0,  2,  1,  3,  0,  5,  4,  6,  4,  6,  5,  8,  7,  7,  3,
          8,  3, 10,  9, 11, 10, 11,  9, 12,  6],
        [ 0,  1,  0,  2,  1,  2,  0,  3,  4,  5,  4,  6,  5,  6,  7,  8,  3,  7,
          3,  8,  9, 10, 10, 11,  9, 11,  6, 12]])}}

Number of Epochs : 250
---------------------------------
Epoch : 0
--------------------------
Node ----- Embedding -----

 0 : [ 0.5793252 -1.5633858 -1.4497176  0.4906783 -1.9618956]
 1 : [ 1.520196   1.1275429 -1.405495   0.8189797 -0.5310484]
 2 : [ 1.2898252  -1.3422788   1.3094615   0.29793105  0.1649533 ]
 3 : [ 0.16404594  0.7353656  -0.16506934  0.47991252 -0.21467505]
 4 : [ 1.3275217   1.314885   -1.0792024  -0.42276832 -0.9183134 ]
 5 : [ 0.82139987  0.27627322  0.04293279 -1.1176251  -0.72643125]
 6 : [-0.46282485 -1.1396525   0.68117416  1.1187063  -0.62092   ]
 7 : [ 0.33097085  1.6695719   0.06858588 -0.8230824   0.73253196]
 8 : [-0.6766117  -0.7975566   0.39990512  0.03994222 -1.6653675 ]
 9 : [ 0.86780983  0.2056391  -0.2896834   0.30324253 -0.35217032]
10 : [-1.5959318  0.8022858  0.728632  -1.420296   0.7911156]
11 : [-0.0983947  -0.2863123   2.0562193   0.7068575   0.22110148]
12 : [ 0.1517832  -0.49303102 -1.5235035   0.15931232  1.5704587 ]
--------------------------

Epoch : 10
--------------------------
Node ----- Embedding -----

 0 : [ 0.45749202 -1.3533254  -1.2091409   0.33877894 -1.7174169 ]
 1 : [ 1.427954    0.89183795 -1.1702212   0.8672782  -0.336734  ]
 2 : [ 1.4507583  -1.1154655   1.0556526   0.4488113   0.06597212]
 3 : [-0.03308353  0.52122575 -0.11747836  0.3720242  -0.43543175]
 4 : [ 1.0845679   1.0742756  -0.84991014 -0.20243944 -0.7829257 ]
 5 : [ 0.58537364  0.06866398  0.18232927 -0.8835626  -0.5308477 ]
 6 : [-0.24648605 -0.89324975  0.44340262  0.8732586  -0.51895696]
 7 : [ 0.09520897  1.4031461   0.08225875 -0.57381594  0.48267576]
 8 : [-0.6866877  -0.5502935   0.23459637 -0.18821378 -1.4258409 ]
 9 : [ 0.60897535  0.3405469  -0.05470503  0.0750635  -0.09723231]
10 : [-1.3914192   0.6820077   0.7462701  -1.2122129   0.65381455]
11 : [-0.13031942 -0.05528626  1.8221701   0.49436876  0.3797951 ]
12 : [-0.04800692 -0.67199    -1.2976519   0.25534928  1.3970231 ]
--------------------------

Epoch : 20
--------------------------
Node ----- Embedding -----

 0 : [ 0.4357884  -1.1670295  -0.9967495   0.26123166 -1.5182475 ]
 1 : [ 1.3276716   0.7298148  -1.0277417   0.8524009  -0.26145798]
 2 : [ 1.4417092  -1.0071156   0.8802712   0.51159966 -0.06107454]
 3 : [-0.15618184  0.4668311  -0.12280311  0.24679051 -0.55411696]
 4 : [ 0.90456474  0.8688093  -0.6730119  -0.06568224 -0.61465544]
 5 : [ 0.4861131  -0.07941137  0.09467161 -0.7055504  -0.4618951 ]
 6 : [-0.09585803 -0.73113126  0.27187696  0.69436586 -0.4526852 ]
 7 : [-0.13287151  1.1903111  -0.01542334 -0.4187594   0.27243963]
 8 : [-0.76588833 -0.36133862  0.15840387 -0.32986787 -1.2282841 ]
 9 : [ 0.3996384   0.4775306   0.14803019 -0.10579982  0.11548935]
10 : [-1.1922381   0.6240086   0.75083405 -1.0237305   0.6001103 ]
11 : [-0.17659509  0.1233297   1.6888386   0.3389489   0.5735919 ]
12 : [-0.14173618 -0.71359235 -1.1102018   0.25627148  1.2369595 ]
--------------------------

Epoch : 30
--------------------------
Node ----- Embedding -----

 0 : [ 0.35420763 -0.9729338  -0.82773733  0.24359865 -1.3300879 ]
 1 : [ 1.1975092   0.5817914  -0.9078438   0.79101485 -0.21767475]
 2 : [ 1.3477176  -0.9036899   0.7566502   0.51900816 -0.09923702]
 3 : [-0.30949593  0.4645924  -0.1905063   0.15512687 -0.7071819 ]
 4 : [ 0.747981    0.69187146 -0.53485835 -0.00703036 -0.45657006]
 5 : [ 0.4714691  -0.1593101  -0.05223348 -0.5886177  -0.39141452]
 6 : [ 0.01125758 -0.658654    0.12839828  0.60026413 -0.40941632]
 7 : [-0.33975995  1.0656109  -0.16332842 -0.40511507  0.08964635]
 8 : [-0.9525899  -0.20703219  0.0805366  -0.4034223  -1.1040671 ]
 9 : [ 0.26702246  0.5888458   0.29363462 -0.21453342  0.2904171 ]
10 : [-1.0584635   0.56661093  0.7711323  -0.90757567  0.7011595 ]
11 : [-0.23872676  0.25824714  1.5949268   0.20874454  0.73737264]
12 : [-0.17672205 -0.7307683  -1.0005201   0.2541996   1.1190903 ]
--------------------------

Epoch : 40
--------------------------
Node ----- Embedding -----

 0 : [ 0.37856406 -0.80945265 -0.6800302   0.29344016 -1.1988285 ]
 1 : [ 1.1158334   0.4434577  -0.79338104  0.7547953  -0.23783186]
 2 : [ 1.2728363  -0.8100212   0.62943864  0.52347136 -0.22989789]
 3 : [-0.39857405  0.4567735  -0.26394495  0.1402762  -0.8340932 ]
 4 : [ 0.68538195  0.5399628  -0.4986797   0.03660784 -0.38153967]
 5 : [ 0.49713877 -0.27620417 -0.16225661 -0.4683813  -0.31723544]
 6 : [ 0.09161425 -0.65328807  0.00329443  0.5301998  -0.34451553]
 7 : [-0.49313876  0.9816599  -0.31006747 -0.39187545 -0.03235381]
 8 : [-1.0404813  -0.1256285  -0.03649543 -0.40635306 -1.0342832 ]
 9 : [ 0.18179311  0.6801013   0.3999256  -0.2958657   0.44149813]
10 : [-0.91621065  0.50201315  0.7584977  -0.79705995  0.77682096]
11 : [-0.24826562  0.32434756  1.4997245   0.12247425  0.8020671 ]
12 : [-0.18526275 -0.7948523  -0.95814776  0.26064414  1.0551524 ]
--------------------------

Epoch : 50
--------------------------
Node ----- Embedding -----

 0 : [ 0.3452149  -0.6582674  -0.5362258   0.29483393 -1.1095535 ]
 1 : [ 0.97550935  0.35212725 -0.69623387  0.6711398  -0.22997127]
 2 : [ 1.1241007  -0.72895265  0.55847234  0.47725546 -0.3213461 ]
 3 : [-0.5013947   0.46603146 -0.32852545  0.12580954 -0.9394671 ]
 4 : [ 0.67845756  0.3851561  -0.50159776  0.0726132  -0.270463  ]
 5 : [ 0.5603005  -0.39271697 -0.26109976 -0.40813467 -0.25146344]
 6 : [ 0.18973269 -0.72511315 -0.11554187  0.5179412  -0.2504157 ]
 7 : [-0.63067263  0.911093   -0.44815108 -0.33564147 -0.15390547]
 8 : [-1.1105857  -0.07284259 -0.13024321 -0.39029077 -1.0032493 ]
 9 : [ 0.12662038  0.73188543  0.48866868 -0.3631133   0.5787215 ]
10 : [-0.7643316   0.3964518   0.76414037 -0.68476266  0.8653713 ]
11 : [-0.265044   0.3523171  1.4421033  0.0574266  0.8574048]
12 : [-0.14208719 -0.81451356 -0.87237304  0.2748399   0.9843838 ]
--------------------------

Epoch : 60
--------------------------
Node ----- Embedding -----

 0 : [ 0.34618995 -0.52914834 -0.43914416  0.3530658  -1.086529  ]
 1 : [ 0.92666477  0.29416946 -0.60814446  0.6635468  -0.31759423]
 2 : [ 0.99480736 -0.6089369   0.5189804   0.4489116  -0.45899323]
 3 : [-0.5539473   0.45022455 -0.32602108  0.15700611 -1.0075123 ]
 4 : [ 0.7164442   0.24061559 -0.5483085   0.092823   -0.15007481]
 5 : [ 0.6780545  -0.51733035 -0.39152288 -0.34869537 -0.12585595]
 6 : [ 0.28939366 -0.8302953  -0.23943314  0.50784296 -0.11960021]
 7 : [-0.73859376  0.8669562  -0.56776416 -0.3107936  -0.26295537]
 8 : [-1.1298295  -0.0252877  -0.1473108  -0.34820363 -0.9661052 ]
 9 : [ 0.0855734   0.7374807   0.5555116  -0.39921406  0.665584  ]
10 : [-0.62959045  0.35479164  0.7851214  -0.611717    0.9037572 ]
11 : [-0.2300993   0.34318116  1.3624716   0.01882865  0.77958524]
12 : [-0.09958726 -0.87213415 -0.83326906  0.28949213  0.9370477 ]
--------------------------

Epoch : 70
--------------------------
Node ----- Embedding -----

 0 : [ 0.29083705 -0.40157482 -0.36057195  0.38074324 -1.1090759 ]
 1 : [ 0.8821851   0.27840328 -0.49508673  0.6599956  -0.4150916 ]
 2 : [ 0.8877769  -0.47910222  0.49763277  0.46920952 -0.59368205]
 3 : [-0.57377976  0.42840883 -0.26909155  0.17755376 -1.0447233 ]
 4 : [ 0.7807318   0.06709898 -0.6392559   0.09715074  0.03819174]
 5 : [ 0.75478005 -0.60833937 -0.49884212 -0.3308785   0.03670735]
 6 : [ 0.40855354 -0.94372606 -0.34368777  0.49271014  0.07415082]
 7 : [-0.8017239   0.8181141  -0.60363984 -0.25473756 -0.33521235]
 8 : [-1.1355908   0.00212889 -0.1723141  -0.34671122 -0.9266992 ]
 9 : [ 0.05936128  0.7527596   0.6119524  -0.43050006  0.7444962 ]
10 : [-0.5409952   0.31473303  0.808867   -0.5744168   0.8878513 ]
11 : [-0.1927682   0.34437242  1.2807053  -0.02004275  0.72615105]
12 : [-0.08928867 -0.84357685 -0.79354155  0.24116121  0.89168453]
--------------------------

Epoch : 80
--------------------------
Node ----- Embedding -----

 0 : [ 0.27748707 -0.28747198 -0.2600397   0.44292387 -1.150991  ]
 1 : [ 0.829178    0.297045   -0.36362258  0.6597661  -0.53367096]
 2 : [ 0.8177282  -0.35541382  0.49875686  0.53244025 -0.7462486 ]
 3 : [-0.60122746  0.4371118  -0.22795254  0.16328074 -1.0574905 ]
 4 : [ 0.86014646 -0.07871262 -0.73657554  0.0848201   0.25141057]
 5 : [ 0.77869755 -0.6747317  -0.5838392  -0.36437926  0.20799153]
 6 : [ 0.49662316 -1.0419427  -0.43367183  0.4494718   0.27742574]
 7 : [-0.85658365  0.7928378  -0.6333304  -0.20180392 -0.41358948]
 8 : [-1.1458057   0.02140773 -0.12673375 -0.3782502  -0.8718225 ]
 9 : [ 0.04752028  0.7400358   0.658384   -0.4467871   0.8052437 ]
10 : [-0.48187515  0.31924215  0.88614357 -0.5572928   0.89249605]
11 : [-0.20598792  0.36155117  1.250197   -0.08298671  0.73432744]
12 : [-0.08900907 -0.8208431  -0.73556554  0.20543088  0.91168135]
--------------------------

Epoch : 90
--------------------------
Node ----- Embedding -----

 0 : [ 0.19988327 -0.16919053 -0.1463633   0.45135468 -1.2037529 ]
 1 : [ 0.7629466   0.31222245 -0.23463579  0.6527685  -0.6114164 ]
 2 : [ 0.7143158  -0.21417348  0.5069074   0.53436893 -0.8397394 ]
 3 : [-0.68993914  0.4932893  -0.23926805  0.1929474  -1.145352  ]
 4 : [ 0.8761276  -0.1718758  -0.7786962   0.05066659  0.41187784]
 5 : [ 0.7657175  -0.71041834 -0.6161386  -0.40277684  0.33881766]
 6 : [ 0.5299852  -1.0909086  -0.49974278  0.38361168  0.50629306]
 7 : [-0.91633683  0.78940785 -0.61406016 -0.19515489 -0.46544993]
 8 : [-1.0791395   0.03420908 -0.14333062 -0.36770397 -0.8358797 ]
 9 : [ 0.02191006  0.73890936  0.694568   -0.46613693  0.82856345]
10 : [-0.44006088  0.35534155  0.92871237 -0.5407086   0.88261914]
11 : [-0.15394023  0.368488    1.2185521  -0.08591821  0.71480477]
12 : [-0.08499777 -0.7722996  -0.64837503  0.19126436  0.86332494]
--------------------------

Epoch : 100
--------------------------
Node ----- Embedding -----

 0 : [ 0.19463155 -0.09591848 -0.0373501   0.4886195  -1.2274238 ]
 1 : [ 0.7642594   0.31467324 -0.14000057  0.71906555 -0.71976095]
 2 : [ 0.65904    -0.12080803  0.51505536  0.55458826 -0.9053909 ]
 3 : [-0.705796    0.46837947 -0.22817941  0.14845492 -1.1397516 ]
 4 : [ 0.8669406  -0.22978772 -0.82244396 -0.01932148  0.5267235 ]
 5 : [ 0.7759508  -0.76734114 -0.69771665 -0.41673028  0.4240441 ]
 6 : [ 0.54276556 -1.1227908  -0.55611074  0.3337774   0.6255778 ]
 7 : [-0.9312396   0.7392802  -0.622389   -0.19664471 -0.4821497 ]
 8 : [-1.1135099   0.04420457 -0.22883946 -0.39360344 -0.8240217 ]
 9 : [ 0.00762196  0.7517334   0.7242292  -0.4566116   0.806011  ]
10 : [-0.38981205  0.35673445  0.9602544  -0.498577    0.8468534 ]
11 : [-0.17033613  0.37887627  1.2297535  -0.13074407  0.74533856]
12 : [-0.11306331 -0.79004925 -0.62041444  0.20935695  0.8232971 ]
--------------------------

Epoch : 110
--------------------------
Node ----- Embedding -----

 0 : [ 0.17747973 -0.04293616  0.02866528  0.5425924  -1.2814683 ]
 1 : [ 0.70758957  0.32170993 -0.04785459  0.70755756 -0.76215386]
 2 : [ 0.6159421  -0.07617801  0.5261101   0.5749172  -0.93008715]
 3 : [-0.66337043  0.4544718  -0.224037    0.16419211 -1.1120229 ]
 4 : [ 0.81692106 -0.25861666 -0.81982434 -0.06713037  0.5734082 ]
 5 : [ 0.7411108  -0.7758441  -0.70812863 -0.4448327   0.45816287]
 6 : [ 0.5430462  -1.1478155  -0.593062    0.29373845  0.70429224]
 7 : [-0.9442356   0.70052624 -0.64529395 -0.19092166 -0.50337964]
 8 : [-1.0819273   0.03252286 -0.2404514  -0.41913128 -0.7635539 ]
 9 : [ 0.00165602  0.72645247  0.7528659  -0.43619308  0.8039669 ]
10 : [-0.3376517   0.35212612  0.94695455 -0.43891305  0.733513  ]
11 : [-0.1910887   0.3890533   1.2092911  -0.17059027  0.7445409 ]
12 : [-0.13598445 -0.77612484 -0.5651522   0.25900584  0.7716222 ]
--------------------------

Epoch : 120
--------------------------
Node ----- Embedding -----

 0 : [ 0.1659888   0.02680059  0.07884297  0.60902923 -1.3390089 ]
 1 : [ 0.6817178   0.3309424   0.02118708  0.7186669  -0.79635537]
 2 : [ 0.5550487  -0.03673843  0.52864385  0.5539667  -0.93631077]
 3 : [-0.69538265  0.44862774 -0.25749537  0.08541115 -1.1079595 ]
 4 : [ 0.80516165 -0.2770201  -0.7932162  -0.10735738  0.5909381 ]
 5 : [ 0.70263094 -0.7750093  -0.7189333  -0.4707579   0.52843624]
 6 : [ 0.5339943  -1.1437258  -0.6121165   0.24954267  0.73596174]
 7 : [-0.93583083  0.660068   -0.64730483 -0.14434677 -0.5488957 ]
 8 : [-1.0335113   0.03178367 -0.29585844 -0.37911645 -0.7562857 ]
 9 : [ 0.00104307  0.71617275  0.78137606 -0.43042672  0.80189836]
10 : [-0.28671306  0.38156268  1.0184917  -0.43807563  0.7771546 ]
11 : [-0.14086336  0.38383996  1.1937243  -0.1835687   0.75274664]
12 : [-0.14193065 -0.7653602  -0.49872124  0.27200767  0.731284  ]
--------------------------

Epoch : 130
--------------------------
Node ----- Embedding -----

 0 : [ 0.15519741  0.05189454  0.11331558  0.57815045 -1.319588  ]
 1 : [ 0.68354356  0.33714715  0.07741382  0.7350079  -0.7998719 ]
 2 : [ 0.5649316  -0.03654936  0.53125197  0.57999045 -0.9726537 ]
 3 : [-0.75574976  0.4323045  -0.33297357  0.00377884 -1.0926074 ]
 4 : [ 0.7977022  -0.33043897 -0.8501455  -0.13338989  0.62639827]
 5 : [ 0.7011893  -0.7856026  -0.738837   -0.49175042  0.54389954]
 6 : [ 0.52740467 -1.1394365  -0.65109205  0.2093503   0.7650822 ]
 7 : [-0.95842546  0.6172643  -0.674039   -0.15828568 -0.56421864]
 8 : [-1.0330949   0.04336588 -0.35254973 -0.39837956 -0.736713  ]
 9 : [-0.01510323  0.71078044  0.8108271  -0.43823594  0.8015435 ]
10 : [-0.2678926   0.44419897  1.0503604  -0.42906043  0.75494266]
11 : [-0.1560088   0.3717177   1.1249628  -0.21664008  0.69370353]
12 : [-0.16058375 -0.7772322  -0.5038952   0.30996248  0.69856846]
--------------------------

Epoch : 140
--------------------------
Node ----- Embedding -----

 0 : [ 0.17073308  0.07749263  0.12540597  0.5773975  -1.3058593 ]
 1 : [ 0.6826549   0.34253544  0.12777072  0.7831049  -0.8349207 ]
 2 : [ 0.5774117  -0.03428561  0.52997786  0.6130032  -0.99698806]
 3 : [-0.74007577  0.3932174  -0.37875083  0.01123643 -1.0790421 ]
 4 : [ 0.7348249  -0.3271633  -0.8276941  -0.14319511  0.5835358 ]
 5 : [ 0.64895797 -0.754145   -0.6851907  -0.4595346   0.48940387]
 6 : [ 0.5139759  -1.1423687  -0.6721946   0.18178986  0.75537914]
 7 : [-0.978266    0.59879905 -0.6695758  -0.21378478 -0.5695342 ]
 8 : [-1.0288898   0.05282934 -0.41806307 -0.41831917 -0.7153859 ]
 9 : [-0.03658241  0.7842626   0.85921985 -0.4516595   0.80046314]
10 : [-0.23750496  0.43461278  1.0150512  -0.40840816  0.7458138 ]
11 : [-0.1370902   0.3950073   1.1033037  -0.24423243  0.6849801 ]
12 : [-0.13311289 -0.73162997 -0.46620542  0.3732452   0.62459266]
--------------------------

Epoch : 150
--------------------------
Node ----- Embedding -----

 0 : [ 0.14055495  0.10166612  0.1367885   0.52321565 -1.2800969 ]
 1 : [ 0.67944753  0.34872383  0.18219948  0.7990225  -0.86129224]
 2 : [ 0.579479   -0.02844087  0.51905644  0.5929624  -0.93988734]
 3 : [-0.7438067   0.3700164  -0.4198081   0.01065292 -1.091314  ]
 4 : [ 0.7359228  -0.35912073 -0.8482183  -0.16633232  0.6300566 ]
 5 : [ 0.6565229  -0.74273527 -0.6694278  -0.46578002  0.51753765]
 6 : [ 0.4843352  -1.118912   -0.67459667  0.16570349  0.7492057 ]
 7 : [-0.93229073  0.56307673 -0.6026326  -0.2354568  -0.53767216]
 8 : [-1.029058    0.05828706 -0.4014754  -0.39591104 -0.7227244 ]
 9 : [-0.04371229  0.7771682   0.87584156 -0.43652013  0.785144  ]
10 : [-0.20990972  0.40589175  0.99095947 -0.38723797  0.73557615]
11 : [-0.12378422  0.43382385  1.1245816  -0.29388872  0.7465381 ]
12 : [-0.07992619 -0.7775984  -0.46895742  0.38632467  0.65905756]
--------------------------

Epoch : 160
--------------------------
Node ----- Embedding -----

 0 : [ 0.12545215  0.10546743  0.13984264  0.49705395 -1.2639579 ]
 1 : [ 0.6038763   0.34132895  0.20969498  0.73270124 -0.8477424 ]
 2 : [ 0.576246   -0.03775003  0.49397787  0.61022353 -0.9445932 ]
 3 : [-0.70829976  0.35057133 -0.41403088  0.03921469 -1.068026  ]
 4 : [ 0.7086     -0.3789988  -0.8460994  -0.19532438  0.63546443]
 5 : [ 0.6663323  -0.7390551  -0.68346334 -0.45754364  0.52161574]
 6 : [ 0.4522489 -1.1018146 -0.6798842  0.1463134  0.7502998]
 7 : [-0.9509302   0.53876984 -0.6188461  -0.26451612 -0.5416658 ]
 8 : [-1.0238922   0.05856907 -0.4069089  -0.37569284 -0.69633657]
 9 : [-0.04992976  0.7616703   0.8768527  -0.42759642  0.78507173]
10 : [-0.21799703  0.39971736  0.96012276 -0.35729432  0.6870798 ]
11 : [-0.12658034  0.38379145  1.0588161  -0.28799573  0.7179481 ]
12 : [-0.09125212 -0.7789036  -0.4546139   0.38488477  0.64225554]
--------------------------

Epoch : 170
--------------------------
Node ----- Embedding -----

 0 : [ 0.17349593  0.11928032  0.16251835  0.5615245  -1.2908877 ]
 1 : [ 0.65242606  0.3337545   0.24289766  0.7738252  -0.8714661 ]
 2 : [ 0.59092337 -0.02116924  0.5016741   0.63113505 -0.9330214 ]
 3 : [-0.7348284   0.35179147 -0.39612466  0.02908702 -1.0579292 ]
 4 : [ 0.7082596  -0.38077426 -0.83214134 -0.20815496  0.6091333 ]
 5 : [ 0.6869577 -0.7544204 -0.7184238 -0.4283392  0.5190063]
 6 : [ 0.44088238 -1.0688996  -0.672701    0.12570561  0.75037   ]
 7 : [-0.9413111   0.5124908  -0.62752247 -0.2773069  -0.5360577 ]
 8 : [-1.0080205   0.06215525 -0.41966993 -0.3830687  -0.65922445]
 9 : [-0.04283128  0.72161126  0.87967235 -0.38894707  0.7699408 ]
10 : [-0.20537283  0.42953816  1.027913   -0.34035972  0.722975  ]
11 : [-0.20021163  0.43235734  1.094679   -0.3454651   0.7735117 ]
12 : [-0.10710314 -0.76774335 -0.40212923  0.4030667   0.63030887]
--------------------------

Epoch : 180
--------------------------
Node ----- Embedding -----

 0 : [ 0.18711936  0.12956071  0.17155176  0.59540075 -1.3224434 ]
 1 : [ 0.6593189   0.3146252   0.25904763  0.7480581  -0.8673261 ]
 2 : [ 0.60565156 -0.03202888  0.47103482  0.63216245 -0.91132814]
 3 : [-0.74680316  0.35069597 -0.39669612  0.00982068 -1.056184  ]
 4 : [ 0.7199857  -0.41413254 -0.8332619  -0.1962747   0.65909547]
 5 : [ 0.7125253  -0.7706953  -0.72145104 -0.3996458   0.5197378 ]
 6 : [ 0.45468158 -1.0688375  -0.7060278   0.0945589   0.75052416]
 7 : [-0.9144998   0.4793776  -0.6073441  -0.27519152 -0.5207348 ]
 8 : [-1.00296     0.06548099 -0.42262357 -0.3742324  -0.6631568 ]
 9 : [-0.03327233  0.6982277   0.8817815  -0.37523252  0.7636167 ]
10 : [-0.19362752  0.43588614  0.9924398  -0.35659778  0.71940523]
11 : [-0.21846864  0.4497938   1.0897847  -0.3562444   0.75351477]
12 : [-0.06693309 -0.77250385 -0.40840533  0.40586758  0.6205512 ]
--------------------------

Epoch : 190
--------------------------
Node ----- Embedding -----

 0 : [ 0.14313027  0.13956673  0.17098552  0.5656287  -1.315859  ]
 1 : [ 0.66992384  0.30508307  0.29198945  0.747089   -0.8187826 ]
 2 : [ 0.5762516  -0.00591686  0.4652145   0.6019237  -0.86965644]
 3 : [-0.74670607  0.322977   -0.4219855  -0.01407289 -1.0225062 ]
 4 : [ 0.708608   -0.42490563 -0.8375696  -0.2033902   0.6845879 ]
 5 : [ 0.7019124  -0.79715854 -0.73265815 -0.39236116  0.5740814 ]
 6 : [ 0.44982466 -1.0829461  -0.7337573   0.06731861  0.7902005 ]
 7 : [-0.96677876  0.49230888 -0.5918443  -0.3272566  -0.5259646 ]
 8 : [-1.0441198   0.07591005 -0.42939937 -0.4144568  -0.6316348 ]
 9 : [-0.05300491  0.70628613  0.88591737 -0.39167976  0.78318334]
10 : [-0.20065771  0.41344762  0.9539083  -0.3581756   0.7168035 ]
11 : [-0.26051837  0.47794375  1.1118147  -0.35715362  0.76402104]
12 : [-0.05151704 -0.74520004 -0.38033643  0.342647    0.62546873]
--------------------------

Epoch : 200
--------------------------
Node ----- Embedding -----

 0 : [ 0.14807239  0.15493543  0.17846936  0.5567546  -1.3019935 ]
 1 : [ 0.7038143   0.2897492   0.31408107  0.7927988  -0.84415615]
 2 : [ 0.5552055   0.043257    0.47929326  0.63366723 -0.9090605 ]
 3 : [-0.6838455   0.30254287 -0.4028318   0.03332556 -1.0084581 ]
 4 : [ 0.6881438  -0.41617748 -0.83430845 -0.18890543  0.6515074 ]
 5 : [ 0.6451772 -0.7130811 -0.654487  -0.3690334  0.5158834]
 6 : [ 0.4279911  -1.0421933  -0.7129798   0.07478499  0.73952425]
 7 : [-0.9527054   0.47182274 -0.6257536  -0.32220796 -0.53135496]
 8 : [-1.0664917   0.07340719 -0.47790074 -0.4005613  -0.6654651 ]
 9 : [-0.04080058  0.69567823  0.8894246  -0.38358974  0.79824734]
10 : [-0.17613825  0.44840467  1.0078748  -0.32968572  0.74683344]
11 : [-0.19277234  0.45841745  1.098191   -0.31371304  0.7175408 ]
12 : [-0.03240427 -0.68950015 -0.33630967  0.34707645  0.6030001 ]
--------------------------

Epoch : 210
--------------------------
Node ----- Embedding -----

 0 : [ 0.15213892  0.13686438  0.16138652  0.5386025  -1.2681094 ]
 1 : [ 0.66774094  0.29773793  0.30475748  0.7710165  -0.85923505]
 2 : [ 0.5440889   0.02621322  0.43926206  0.6465289  -0.9324603 ]
 3 : [-0.66797984  0.3096856  -0.37348208  0.05721453 -1.0135062 ]
 4 : [ 0.6894283  -0.42769915 -0.8359715  -0.19615749  0.6311575 ]
 5 : [ 0.66137373 -0.71070546 -0.64041615 -0.37058663  0.5420623 ]
 6 : [ 0.42673397 -1.0620116  -0.7257371   0.07442638  0.776786  ]
 7 : [-0.9711134   0.47991115 -0.64281213 -0.30644703 -0.55903065]
 8 : [-1.0836576   0.07345437 -0.49669632 -0.40988627 -0.65631014]
 9 : [-0.05349113  0.7081464   0.9095182  -0.388661    0.7916407 ]
10 : [-0.18281235  0.49383354  1.0078849  -0.3647857   0.76480263]
11 : [-0.16803129  0.41729134  1.0664902  -0.34520686  0.7536845 ]
12 : [-0.02913796 -0.75371677 -0.37463155  0.41576403  0.57190233]
--------------------------

Epoch : 220
--------------------------
Node ----- Embedding -----

 0 : [ 0.13574567  0.14107844  0.15145227  0.49616146 -1.240128  ]
 1 : [ 0.6625902   0.31828412  0.32101884  0.7525086  -0.85528266]
 2 : [ 0.5734124   0.01295752  0.43838128  0.6611231  -0.93084073]
 3 : [-0.7176137   0.37072384 -0.3866127   0.03752352 -1.0584939 ]
 4 : [ 0.6970962  -0.45534292 -0.8441671  -0.17687184  0.6449342 ]
 5 : [ 0.70086974 -0.72706336 -0.6692084  -0.40189514  0.56648594]
 6 : [ 0.41928032 -1.0332556  -0.72212714  0.05747015  0.7603085 ]
 7 : [-0.97731596  0.47675413 -0.6242676  -0.30735403 -0.55374026]
 8 : [-1.0798864   0.08573622 -0.47833127 -0.4322536  -0.6454038 ]
 9 : [-0.06451648  0.67891294  0.89346    -0.36991382  0.7685666 ]
10 : [-0.18886544  0.5197793   1.0175774  -0.37951633  0.7682476 ]
11 : [-0.19036625  0.433735    1.0807071  -0.3592037   0.77362424]
12 : [-0.0198082  -0.77633584 -0.3732845   0.4256426   0.64499795]
--------------------------

Epoch : 230
--------------------------
Node ----- Embedding -----

 0 : [ 0.12341072  0.16758396  0.15570538  0.51317126 -1.295555  ]
 1 : [ 0.6115262   0.29099604  0.29165855  0.68389213 -0.8009958 ]
 2 : [ 0.53815645  0.03102903  0.44203237  0.6643969  -0.9666104 ]
 3 : [-0.7164761   0.38377413 -0.37971     0.06815419 -1.1170496 ]
 4 : [ 0.6985046  -0.4741429  -0.8410341  -0.17939055  0.6451958 ]
 5 : [ 0.7028066  -0.70281947 -0.65763533 -0.36796027  0.5311429 ]
 6 : [ 0.40332195 -0.994228   -0.7147177   0.0455615   0.7357093 ]
 7 : [-0.9653595   0.4593512  -0.6417493  -0.27781114 -0.55979013]
 8 : [-1.0580766   0.10318349 -0.41038924 -0.38550377 -0.65130806]
 9 : [-0.0713394   0.6707748   0.9011012  -0.37150303  0.7695211 ]
10 : [-0.16980891  0.49587837  1.012436   -0.35717532  0.7532545 ]
11 : [-0.20423502  0.4737525   1.0880381  -0.36783236  0.74222577]
12 : [ 0.00126037 -0.7373123  -0.34664014  0.40696502  0.60557455]
--------------------------

Epoch : 240
--------------------------
Node ----- Embedding -----

 0 : [ 0.1400672   0.18141288  0.16456336  0.5417012  -1.3077687 ]
 1 : [ 0.567725    0.27340826  0.2889182   0.6368073  -0.7802296 ]
 2 : [ 0.5067934   0.01864662  0.42777264  0.6344001  -0.9555447 ]
 3 : [-0.70757574  0.36992595 -0.38009733  0.03871761 -1.1041851 ]
 4 : [ 0.6827028  -0.47149915 -0.8336599  -0.19348273  0.65396905]
 5 : [ 0.70823014 -0.70693684 -0.64451706 -0.338357    0.53175366]
 6 : [ 0.38541284 -0.96977687 -0.6970059   0.05451157  0.71237034]
 7 : [-0.92034584  0.42187536 -0.6247866  -0.21871287 -0.54960203]
 8 : [-1.0513594   0.10801252 -0.39596087 -0.3563117  -0.6699414 ]
 9 : [-0.07418144  0.65757906  0.90940523 -0.3778451   0.77937996]
10 : [-0.15554048  0.47192568  0.9995103  -0.3444107   0.7552055 ]
11 : [-0.1732167   0.5124063   1.1276768  -0.38615054  0.7826286 ]
12 : [ 0.04000491 -0.760734   -0.3699832   0.3804527   0.62041885]
--------------------------

