Graph : 

data = {'_edge_attr_cls': <class 'torch_geometric.data.graph_store.EdgeAttr'>, '_tensor_attr_cls': <class 'torch_geometric.data.feature_store.TensorAttr'>, '_global_store': {}, '_node_store_dict': {'id': {'x': tensor([ 0.,  1.,  2.,  3.,  4.,  5.,  6.,  7.,  8.,  9., 10., 11., 12., 13.,
        14., 15., 16., 17., 18., 19., 20., 21., 22., 23., 24., 25., 26., 27.,
        28., 29., 30.], dtype=torch.float64)}, 'skill': {'x': tensor([ 0.,  1.,  2.,  3.,  4.,  5.,  6.,  7.,  8.,  9., 10.],
       dtype=torch.float64)}, 'member': {'x': tensor([ 0.,  1.,  2.,  3.,  4.,  5.,  6.,  7.,  8.,  9., 10., 11., 12.],
       dtype=torch.float64)}}, '_edge_store_dict': {('skill', 'to', 'id'): {'edge_index': tensor([[ 0,  1,  1,  2,  1,  3,  1,  2,  3,  1,  4,  1,  4,  1,  5,  6,  6,  7,
          7,  8,  6,  7,  6,  7,  9,  1,  5,  5,  6,  7,  1,  9,  1, 10,  2,  7,
          1,  4,  1, 10,  1,  3,  1,  4,  0,  1,  7,  8,  6,  7,  8,  1,  6,  1,
          5,  7,  8,  5,  7,  1,  6,  0,  1,  7,  9,  7,  9],
        [ 0,  0,  1,  1,  2,  2,  3,  3,  3,  4,  4,  5,  5,  6,  6,  6,  7,  7,
          8,  8,  9,  9, 10, 10, 10, 11, 11, 12, 12, 12, 13, 13, 14, 14, 15, 15,
         16, 16, 17, 17, 18, 18, 19, 19, 20, 20, 21, 21, 22, 22, 22, 23, 23, 24,
         24, 25, 25, 26, 26, 27, 27, 28, 28, 29, 29, 30, 30]])}, ('id', 'to', 'skill'): {'edge_index': tensor([[ 0,  0,  1,  1,  2,  2,  3,  3,  3,  4,  4,  5,  5,  6,  6,  6,  7,  7,
          8,  8,  9,  9, 10, 10, 10, 11, 11, 12, 12, 12, 13, 13, 14, 14, 15, 15,
         16, 16, 17, 17, 18, 18, 19, 19, 20, 20, 21, 21, 22, 22, 22, 23, 23, 24,
         24, 25, 25, 26, 26, 27, 27, 28, 28, 29, 29, 30, 30],
        [ 0,  1,  1,  2,  1,  3,  1,  2,  3,  1,  4,  1,  4,  1,  5,  6,  6,  7,
          7,  8,  6,  7,  6,  7,  9,  1,  5,  5,  6,  7,  1,  9,  1, 10,  2,  7,
          1,  4,  1, 10,  1,  3,  1,  4,  0,  1,  7,  8,  6,  7,  8,  1,  6,  1,
          5,  7,  8,  5,  7,  1,  6,  0,  1,  7,  9,  7,  9]])}, ('id', 'to', 'member'): {'edge_index': tensor([[ 0,  0,  0,  1,  1,  2,  2,  3,  3,  3,  4,  4,  5,  5,  6,  6,  7,  7,
          8,  8,  9,  9, 10, 10, 11, 11, 12, 12, 12, 13, 13, 13, 14, 15, 15, 16,
         16, 17, 17, 18, 18, 18, 19, 19, 19, 20, 20, 20, 21, 21, 22, 22, 23, 23,
         24, 24, 25, 25, 25, 26, 26, 27, 27, 27, 27, 28, 28, 28, 29, 29, 30, 30],
        [ 0,  1,  2,  0,  2,  0,  3,  0,  2,  3,  0,  4,  0,  4,  0,  1,  1,  5,
          1,  5,  1,  6,  1,  6,  1,  2,  1,  5,  6,  1,  5,  6,  4,  7,  8,  7,
          9,  4,  7,  7,  8,  9,  0,  4,  7,  1,  2,  3,  1, 10,  1, 10, 10, 11,
         10, 11,  1,  5, 10,  5, 10,  0,  1,  5, 10,  0,  7, 10,  5,  6,  6, 12]])}, ('member', 'to', 'id'): {'edge_index': tensor([[ 0,  1,  2,  0,  2,  0,  3,  0,  2,  3,  0,  4,  0,  4,  0,  1,  1,  5,
          1,  5,  1,  6,  1,  6,  1,  2,  1,  5,  6,  1,  5,  6,  4,  7,  8,  7,
          9,  4,  7,  7,  8,  9,  0,  4,  7,  1,  2,  3,  1, 10,  1, 10, 10, 11,
         10, 11,  1,  5, 10,  5, 10,  0,  1,  5, 10,  0,  7, 10,  5,  6,  6, 12],
        [ 0,  0,  0,  1,  1,  2,  2,  3,  3,  3,  4,  4,  5,  5,  6,  6,  7,  7,
          8,  8,  9,  9, 10, 10, 11, 11, 12, 12, 12, 13, 13, 13, 14, 15, 15, 16,
         16, 17, 17, 18, 18, 18, 19, 19, 19, 20, 20, 20, 21, 21, 22, 22, 23, 23,
         24, 24, 25, 25, 25, 26, 26, 27, 27, 27, 27, 28, 28, 28, 29, 29, 30, 30]])}}}

Number of Epochs : 200
---------------------------------
Epoch : 0
--------------------------
Node ----- Embedding -----

 0 : [0.2  0.53 0.24 0.43 0.43]
 1 : [0.26 0.57 0.26 0.28 0.53]
 2 : [0.33 0.32 0.35 0.56 0.54]
 3 : [0.57 0.22 0.34 0.67 0.16]
 4 : [0.54 0.66 0.54 0.28 0.41]
 5 : [0.42 0.63 0.39 0.37 0.41]
 6 : [0.21 0.38 0.66 0.6  0.54]
 7 : [0.52 0.   0.33 0.56 0.52]
 8 : [0.28 0.47 0.44 0.43 0.88]
 9 : [0.75 0.42 0.21 0.38 0.33]
10 : [0.23 0.4  0.42 0.46 0.56]
11 : [0.2  0.53 0.08 0.32 0.19]
12 : [0.57 0.23 0.59 0.24 0.53]
13 : [0.46 0.5  0.67 0.68 0.45]
14 : [0.83 0.48 0.56 0.47 0.54]
15 : [0.17 0.67 0.92 0.51 0.53]
16 : [0.28 0.84 0.49 0.6  0.29]
17 : [0.46 0.22 0.17 0.15 0.47]
18 : [0.13 0.14 0.83 0.31 0.38]
19 : [0.75 0.52 0.35 0.46 0.78]
20 : [0.38 0.6  0.58 0.72 0.36]
21 : [0.45 0.55 0.39 0.15 0.59]
22 : [0.45 0.23 0.37 0.23 0.36]
23 : [0.64 0.09 0.54 0.38 0.46]
24 : [0.58 0.63 0.43 0.42 0.41]
25 : [0.66 0.46 0.32 0.72 0.42]
26 : [0.55 0.43 0.36 0.65 0.47]
27 : [0.71 0.34 0.46 0.62 0.55]
28 : [0.38 0.64 0.38 0.54 0.43]
29 : [0.5  0.61 0.5  0.51 0.48]
30 : [0.54 0.68 0.46 0.48 0.38]
31 : [0.15 0.47 0.09 0.6  0.35]
32 : [0.36 0.5  0.4  0.55 0.49]
33 : [0.39 0.43 0.56 0.3  0.2 ]
34 : [0.43 0.6  0.49 0.59 0.24]
35 : [0.46 0.65 0.46 0.68 0.47]
36 : [0.41 0.67 0.51 0.52 0.71]
37 : [0.65 0.6  0.45 0.48 0.29]
38 : [0.35 0.2  0.65 0.49 0.62]
39 : [0.68 0.74 0.53 0.47 0.53]
40 : [0.56 0.62 0.41 0.41 0.53]
41 : [0.4  0.09 0.29 0.22 0.43]
42 : [0.3  0.36 0.47 0.23 0.51]
43 : [0.18 0.76 0.58 0.29 0.23]
44 : [0.62 0.4  0.32 0.57 0.22]
45 : [0.46 0.72 0.56 0.55 0.57]
46 : [0.78 0.31 0.48 0.63 0.47]
47 : [0.46 0.55 0.55 0.76 0.47]
48 : [0.32 0.56 0.55 0.25 0.42]
49 : [0.7  0.63 0.6  0.39 0.41]
50 : [0.59 0.43 0.58 0.45 0.49]
51 : [0.49 1.   0.49 0.36 0.48]
52 : [0.55 0.63 0.23 0.3  0.32]
53 : [0.47 0.26 0.29 0.59 0.52]
54 : [0.43 0.69 0.51 0.51 0.31]
55 : [0.   0.37 0.42 0.49 0.56]
--------------------------

Epoch : 20
--------------------------
Node ----- Embedding -----

 0 : [0.31 0.55 0.33 0.53 0.44]
 1 : [0.36 0.55 0.37 0.4  0.52]
 2 : [0.37 0.43 0.46 0.67 0.52]
 3 : [0.54 0.32 0.44 0.7  0.24]
 4 : [0.53 0.67 0.52 0.39 0.47]
 5 : [0.49 0.64 0.44 0.48 0.51]
 6 : [0.3  0.45 0.65 0.62 0.58]
 7 : [0.53 0.08 0.42 0.59 0.63]
 8 : [0.39 0.54 0.46 0.48 0.89]
 9 : [0.75 0.51 0.31 0.46 0.43]
10 : [0.35 0.5  0.48 0.53 0.56]
11 : [0.3  0.57 0.17 0.42 0.29]
12 : [0.64 0.33 0.62 0.33 0.6 ]
13 : [0.51 0.51 0.66 0.69 0.54]
14 : [0.82 0.54 0.58 0.5  0.59]
15 : [0.27 0.65 0.93 0.59 0.58]
16 : [0.32 0.83 0.6  0.58 0.39]
17 : [0.5  0.32 0.26 0.25 0.58]
18 : [0.23 0.24 0.93 0.41 0.47]
19 : [0.73 0.59 0.42 0.54 0.79]
20 : [0.43 0.58 0.59 0.73 0.38]
21 : [0.51 0.55 0.44 0.25 0.65]
22 : [0.52 0.32 0.44 0.32 0.47]
23 : [0.63 0.17 0.64 0.45 0.56]
24 : [0.59 0.62 0.48 0.41 0.52]
25 : [0.65 0.52 0.38 0.69 0.52]
26 : [0.6  0.48 0.43 0.64 0.56]
27 : [0.69 0.42 0.45 0.65 0.63]
28 : [0.39 0.62 0.44 0.56 0.51]
29 : [0.59 0.6  0.51 0.57 0.57]
30 : [0.55 0.67 0.5  0.54 0.45]
31 : [0.25 0.58 0.18 0.68 0.46]
32 : [0.46 0.56 0.43 0.53 0.58]
33 : [0.42 0.5  0.6  0.4  0.26]
34 : [0.44 0.59 0.53 0.69 0.34]
35 : [0.52 0.66 0.47 0.67 0.61]
36 : [0.51 0.66 0.5  0.59 0.78]
37 : [0.64 0.59 0.52 0.53 0.4 ]
38 : [0.35 0.3  0.67 0.54 0.67]
39 : [0.66 0.73 0.65 0.49 0.58]
40 : [0.54 0.61 0.52 0.48 0.53]
41 : [0.49 0.18 0.38 0.29 0.56]
42 : [0.4  0.44 0.58 0.3  0.59]
43 : [0.27 0.75 0.57 0.39 0.32]
44 : [0.62 0.41 0.43 0.63 0.31]
45 : [0.42 0.7  0.56 0.56 0.56]
46 : [0.77 0.4  0.55 0.66 0.46]
47 : [0.47 0.53 0.63 0.76 0.47]
48 : [0.41 0.62 0.53 0.36 0.53]
49 : [0.69 0.61 0.59 0.39 0.47]
50 : [0.61 0.43 0.55 0.5  0.56]
51 : [0.57 1.   0.49 0.34 0.6 ]
52 : [0.63 0.6  0.31 0.38 0.43]
53 : [0.53 0.36 0.4  0.64 0.52]
54 : [0.54 0.67 0.54 0.51 0.43]
55 : [0.   0.41 0.46 0.54 0.61]
--------------------------

Epoch : 40
--------------------------
Node ----- Embedding -----

 0 : [0.36 0.54 0.4  0.6  0.44]
 1 : [0.42 0.54 0.45 0.5  0.48]
 2 : [0.38 0.47 0.53 0.74 0.51]
 3 : [0.5  0.39 0.53 0.76 0.28]
 4 : [0.53 0.71 0.51 0.47 0.55]
 5 : [0.5  0.68 0.44 0.55 0.59]
 6 : [0.37 0.5  0.6  0.63 0.61]
 7 : [0.62 0.17 0.44 0.58 0.71]
 8 : [0.48 0.57 0.47 0.52 0.87]
 9 : [0.75 0.56 0.38 0.51 0.49]
10 : [0.44 0.55 0.49 0.55 0.58]
11 : [0.38 0.57 0.27 0.45 0.36]
12 : [0.71 0.41 0.61 0.41 0.66]
13 : [0.59 0.56 0.65 0.71 0.6 ]
14 : [0.79 0.59 0.6  0.55 0.62]
15 : [0.35 0.67 0.92 0.62 0.61]
16 : [0.34 0.82 0.68 0.58 0.48]
17 : [0.51 0.38 0.35 0.32 0.66]
18 : [0.28 0.31 1.   0.47 0.5 ]
19 : [0.7  0.64 0.47 0.61 0.81]
20 : [0.45 0.57 0.55 0.74 0.41]
21 : [0.56 0.55 0.48 0.32 0.63]
22 : [0.58 0.39 0.47 0.38 0.55]
23 : [0.62 0.23 0.66 0.45 0.6 ]
24 : [0.6  0.6  0.55 0.38 0.58]
25 : [0.69 0.56 0.4  0.67 0.6 ]
26 : [0.66 0.52 0.46 0.6  0.64]
27 : [0.67 0.46 0.45 0.66 0.69]
28 : [0.4  0.6  0.47 0.57 0.57]
29 : [0.67 0.62 0.55 0.63 0.61]
30 : [0.59 0.71 0.52 0.57 0.46]
31 : [0.3  0.63 0.25 0.75 0.53]
32 : [0.51 0.57 0.41 0.54 0.64]
33 : [0.41 0.54 0.6  0.47 0.24]
34 : [0.43 0.6  0.6  0.75 0.37]
35 : [0.53 0.71 0.48 0.67 0.7 ]
36 : [0.6  0.65 0.5  0.64 0.84]
37 : [0.67 0.63 0.56 0.55 0.48]
38 : [0.34 0.39 0.68 0.54 0.72]
39 : [0.65 0.71 0.75 0.56 0.54]
40 : [0.51 0.62 0.62 0.54 0.51]
41 : [0.54 0.26 0.42 0.28 0.68]
42 : [0.45 0.47 0.66 0.34 0.62]
43 : [0.36 0.74 0.58 0.47 0.35]
44 : [0.61 0.42 0.46 0.68 0.35]
45 : [0.4  0.69 0.57 0.57 0.59]
46 : [0.75 0.46 0.6  0.72 0.43]
47 : [0.51 0.52 0.7  0.77 0.46]
48 : [0.46 0.69 0.53 0.44 0.62]
49 : [0.69 0.6  0.56 0.4  0.51]
50 : [0.64 0.43 0.52 0.54 0.62]
51 : [0.66 0.99 0.49 0.31 0.71]
52 : [0.7  0.6  0.36 0.43 0.51]
53 : [0.61 0.44 0.47 0.67 0.51]
54 : [0.62 0.66 0.55 0.51 0.51]
55 : [0.   0.43 0.49 0.57 0.65]
--------------------------

Epoch : 60
--------------------------
Node ----- Embedding -----

 0 : [0.38 0.52 0.43 0.62 0.45]
 1 : [0.43 0.56 0.49 0.57 0.46]
 2 : [0.38 0.49 0.58 0.77 0.53]
 3 : [0.49 0.42 0.57 0.79 0.3 ]
 4 : [0.51 0.74 0.51 0.53 0.61]
 5 : [0.46 0.71 0.48 0.61 0.64]
 6 : [0.41 0.5  0.55 0.62 0.65]
 7 : [0.69 0.24 0.46 0.55 0.75]
 8 : [0.54 0.59 0.49 0.54 0.82]
 9 : [0.77 0.59 0.43 0.52 0.52]
10 : [0.52 0.57 0.49 0.56 0.61]
11 : [0.43 0.55 0.32 0.45 0.4 ]
12 : [0.76 0.47 0.59 0.45 0.69]
13 : [0.65 0.59 0.63 0.72 0.65]
14 : [0.73 0.64 0.59 0.59 0.67]
15 : [0.43 0.7  0.89 0.6  0.64]
16 : [0.35 0.82 0.72 0.56 0.55]
17 : [0.48 0.44 0.42 0.38 0.72]
18 : [0.29 0.35 1.   0.52 0.53]
19 : [0.65 0.68 0.52 0.67 0.83]
20 : [0.44 0.56 0.52 0.75 0.41]
21 : [0.6  0.53 0.49 0.37 0.6 ]
22 : [0.63 0.43 0.46 0.4  0.61]
23 : [0.58 0.27 0.67 0.46 0.64]
24 : [0.57 0.58 0.59 0.37 0.6 ]
25 : [0.72 0.57 0.42 0.63 0.65]
26 : [0.69 0.53 0.49 0.58 0.65]
27 : [0.65 0.47 0.45 0.66 0.72]
28 : [0.41 0.57 0.48 0.56 0.61]
29 : [0.75 0.64 0.59 0.64 0.62]
30 : [0.7  0.75 0.54 0.57 0.44]
31 : [0.3  0.66 0.28 0.81 0.57]
32 : [0.54 0.57 0.35 0.54 0.71]
33 : [0.38 0.57 0.6  0.51 0.22]
34 : [0.4  0.62 0.63 0.75 0.4 ]
35 : [0.49 0.73 0.51 0.67 0.77]
36 : [0.65 0.64 0.52 0.67 0.85]
37 : [0.72 0.66 0.58 0.57 0.53]
38 : [0.34 0.44 0.7  0.53 0.77]
39 : [0.63 0.71 0.81 0.59 0.51]
40 : [0.47 0.65 0.69 0.55 0.51]
41 : [0.52 0.31 0.43 0.27 0.74]
42 : [0.45 0.46 0.72 0.36 0.6 ]
43 : [0.46 0.76 0.59 0.5  0.37]
44 : [0.6  0.39 0.45 0.69 0.37]
45 : [0.35 0.67 0.57 0.58 0.64]
46 : [0.74 0.47 0.64 0.76 0.41]
47 : [0.55 0.5  0.71 0.8  0.46]
48 : [0.48 0.74 0.53 0.5  0.66]
49 : [0.7  0.59 0.51 0.41 0.54]
50 : [0.68 0.43 0.49 0.57 0.64]
51 : [0.72 0.98 0.5  0.27 0.78]
52 : [0.77 0.59 0.38 0.44 0.55]
53 : [0.71 0.49 0.51 0.68 0.49]
54 : [0.66 0.64 0.56 0.51 0.57]
55 : [0.   0.45 0.51 0.59 0.67]
--------------------------

Epoch : 80
--------------------------
Node ----- Embedding -----

 0 : [0.39 0.52 0.42 0.65 0.47]
 1 : [0.43 0.58 0.52 0.64 0.44]
 2 : [0.39 0.51 0.61 0.79 0.53]
 3 : [0.46 0.46 0.61 0.82 0.37]
 4 : [0.49 0.77 0.52 0.59 0.65]
 5 : [0.44 0.73 0.51 0.67 0.67]
 6 : [0.47 0.5  0.52 0.62 0.68]
 7 : [0.76 0.3  0.49 0.55 0.77]
 8 : [0.62 0.59 0.53 0.57 0.76]
 9 : [0.82 0.6  0.46 0.54 0.55]
10 : [0.63 0.62 0.48 0.58 0.62]
11 : [0.45 0.56 0.37 0.47 0.42]
12 : [0.82 0.5  0.57 0.49 0.69]
13 : [0.7  0.62 0.59 0.71 0.71]
14 : [0.65 0.69 0.62 0.64 0.74]
15 : [0.5  0.71 0.87 0.61 0.64]
16 : [0.37 0.82 0.74 0.57 0.59]
17 : [0.45 0.5  0.48 0.44 0.78]
18 : [0.31 0.38 1.   0.57 0.58]
19 : [0.59 0.7  0.58 0.73 0.83]
20 : [0.41 0.55 0.49 0.74 0.44]
21 : [0.66 0.53 0.49 0.38 0.63]
22 : [0.67 0.47 0.47 0.43 0.64]
23 : [0.55 0.3  0.68 0.46 0.68]
24 : [0.54 0.57 0.63 0.37 0.6 ]
25 : [0.75 0.57 0.44 0.61 0.7 ]
26 : [0.71 0.55 0.54 0.56 0.67]
27 : [0.61 0.47 0.46 0.67 0.74]
28 : [0.38 0.55 0.51 0.58 0.64]
29 : [0.83 0.66 0.62 0.66 0.62]
30 : [0.82 0.79 0.55 0.55 0.46]
31 : [0.3  0.67 0.32 0.87 0.59]
32 : [0.58 0.56 0.3  0.55 0.75]
33 : [0.33 0.61 0.62 0.53 0.22]
34 : [0.37 0.64 0.67 0.75 0.43]
35 : [0.44 0.76 0.54 0.69 0.82]
36 : [0.69 0.64 0.55 0.68 0.85]
37 : [0.79 0.69 0.6  0.6  0.57]
38 : [0.35 0.48 0.74 0.56 0.79]
39 : [0.61 0.72 0.86 0.58 0.51]
40 : [0.44 0.67 0.74 0.56 0.52]
41 : [0.5  0.34 0.46 0.29 0.78]
42 : [0.45 0.45 0.76 0.35 0.6 ]
43 : [0.56 0.79 0.62 0.51 0.34]
44 : [0.61 0.35 0.46 0.69 0.41]
45 : [0.3  0.66 0.58 0.59 0.68]
46 : [0.73 0.48 0.67 0.8  0.4 ]
47 : [0.58 0.47 0.73 0.82 0.47]
48 : [0.5  0.77 0.55 0.55 0.68]
49 : [0.72 0.59 0.51 0.44 0.54]
50 : [0.74 0.42 0.47 0.58 0.66]
51 : [0.8  0.99 0.51 0.25 0.82]
52 : [0.82 0.57 0.4  0.46 0.57]
53 : [0.84 0.54 0.53 0.68 0.49]
54 : [0.69 0.65 0.58 0.54 0.62]
55 : [0.   0.46 0.52 0.61 0.69]
--------------------------

Epoch : 100
--------------------------
Node ----- Embedding -----

 0 : [0.43 0.51 0.41 0.64 0.48]
 1 : [0.43 0.59 0.55 0.69 0.44]
 2 : [0.41 0.52 0.64 0.84 0.54]
 3 : [0.43 0.49 0.63 0.85 0.41]
 4 : [0.46 0.79 0.53 0.65 0.7 ]
 5 : [0.41 0.77 0.53 0.71 0.7 ]
 6 : [0.51 0.51 0.48 0.63 0.69]
 7 : [0.79 0.36 0.53 0.55 0.77]
 8 : [0.69 0.6  0.55 0.58 0.74]
 9 : [0.83 0.59 0.47 0.54 0.58]
10 : [0.73 0.65 0.46 0.57 0.63]
11 : [0.48 0.56 0.39 0.49 0.46]
12 : [0.85 0.52 0.54 0.53 0.69]
13 : [0.72 0.65 0.57 0.72 0.74]
14 : [0.62 0.7  0.66 0.67 0.77]
15 : [0.57 0.72 0.88 0.62 0.64]
16 : [0.37 0.82 0.76 0.57 0.63]
17 : [0.45 0.55 0.53 0.5  0.8 ]
18 : [0.34 0.41 1.   0.61 0.62]
19 : [0.56 0.73 0.63 0.77 0.84]
20 : [0.42 0.53 0.45 0.74 0.47]
21 : [0.68 0.56 0.5  0.41 0.61]
22 : [0.7  0.5  0.49 0.45 0.63]
23 : [0.54 0.32 0.68 0.49 0.68]
24 : [0.51 0.57 0.65 0.35 0.64]
25 : [0.75 0.58 0.48 0.6  0.71]
26 : [0.75 0.56 0.57 0.53 0.71]
27 : [0.59 0.49 0.47 0.68 0.76]
28 : [0.37 0.53 0.52 0.61 0.64]
29 : [0.88 0.68 0.64 0.67 0.64]
30 : [0.88 0.82 0.58 0.54 0.44]
31 : [0.31 0.68 0.35 0.92 0.61]
32 : [0.58 0.56 0.24 0.54 0.76]
33 : [0.32 0.64 0.63 0.53 0.22]
34 : [0.37 0.64 0.71 0.75 0.42]
35 : [0.42 0.79 0.59 0.71 0.83]
36 : [0.73 0.64 0.58 0.67 0.87]
37 : [0.8  0.72 0.62 0.6  0.61]
38 : [0.37 0.52 0.8  0.59 0.79]
39 : [0.59 0.74 0.91 0.58 0.51]
40 : [0.42 0.7  0.79 0.57 0.53]
41 : [0.49 0.36 0.53 0.28 0.8 ]
42 : [0.43 0.46 0.8  0.32 0.58]
43 : [0.62 0.83 0.67 0.49 0.33]
44 : [0.62 0.35 0.47 0.72 0.44]
45 : [0.26 0.66 0.58 0.61 0.71]
46 : [0.72 0.48 0.7  0.86 0.4 ]
47 : [0.61 0.45 0.76 0.87 0.47]
48 : [0.51 0.81 0.58 0.61 0.71]
49 : [0.72 0.56 0.49 0.45 0.56]
50 : [0.8  0.41 0.46 0.61 0.66]
51 : [0.87 0.99 0.52 0.24 0.83]
52 : [0.83 0.56 0.44 0.52 0.57]
53 : [0.93 0.57 0.53 0.69 0.49]
54 : [0.72 0.66 0.61 0.59 0.65]
55 : [0.   0.48 0.54 0.63 0.71]
--------------------------

Epoch : 120
--------------------------
Node ----- Embedding -----

 0 : [0.43 0.53 0.4  0.64 0.5 ]
 1 : [0.44 0.6  0.57 0.73 0.44]
 2 : [0.43 0.52 0.66 0.85 0.55]
 3 : [0.44 0.52 0.64 0.86 0.45]
 4 : [0.44 0.78 0.55 0.7  0.7 ]
 5 : [0.45 0.77 0.56 0.74 0.72]
 6 : [0.53 0.51 0.45 0.65 0.69]
 7 : [0.81 0.4  0.56 0.56 0.76]
 8 : [0.73 0.62 0.56 0.6  0.71]
 9 : [0.84 0.59 0.5  0.56 0.59]
10 : [0.78 0.68 0.45 0.58 0.63]
11 : [0.5  0.59 0.4  0.52 0.49]
12 : [0.85 0.54 0.53 0.55 0.7 ]
13 : [0.74 0.67 0.53 0.73 0.75]
14 : [0.59 0.7  0.69 0.7  0.78]
15 : [0.61 0.72 0.89 0.64 0.63]
16 : [0.39 0.82 0.78 0.6  0.68]
17 : [0.44 0.59 0.59 0.56 0.83]
18 : [0.37 0.44 1.   0.66 0.64]
19 : [0.52 0.74 0.65 0.79 0.85]
20 : [0.4  0.53 0.43 0.74 0.47]
21 : [0.7  0.57 0.5  0.42 0.64]
22 : [0.72 0.51 0.51 0.46 0.64]
23 : [0.53 0.33 0.63 0.48 0.72]
24 : [0.5  0.55 0.62 0.36 0.66]
25 : [0.75 0.57 0.5  0.57 0.72]
26 : [0.75 0.56 0.6  0.52 0.72]
27 : [0.57 0.48 0.46 0.68 0.8 ]
28 : [0.39 0.52 0.53 0.63 0.67]
29 : [0.92 0.7  0.63 0.67 0.67]
30 : [0.91 0.83 0.6  0.56 0.46]
31 : [0.33 0.67 0.37 0.95 0.6 ]
32 : [0.59 0.57 0.23 0.54 0.77]
33 : [0.3  0.65 0.6  0.53 0.18]
34 : [0.37 0.66 0.72 0.71 0.41]
35 : [0.42 0.81 0.65 0.72 0.83]
36 : [0.75 0.64 0.58 0.66 0.86]
37 : [0.79 0.73 0.61 0.6  0.62]
38 : [0.39 0.56 0.86 0.59 0.8 ]
39 : [0.57 0.75 0.95 0.56 0.5 ]
40 : [0.41 0.72 0.83 0.55 0.52]
41 : [0.5  0.37 0.54 0.25 0.79]
42 : [0.44 0.45 0.81 0.29 0.59]
43 : [0.65 0.85 0.72 0.48 0.29]
44 : [0.61 0.33 0.49 0.74 0.43]
45 : [0.24 0.65 0.57 0.61 0.75]
46 : [0.72 0.46 0.73 0.9  0.41]
47 : [0.64 0.44 0.78 0.92 0.46]
48 : [0.53 0.81 0.62 0.66 0.74]
49 : [0.72 0.54 0.48 0.47 0.57]
50 : [0.81 0.38 0.47 0.61 0.65]
51 : [0.9  0.99 0.54 0.24 0.82]
52 : [0.86 0.52 0.47 0.55 0.59]
53 : [1.   0.6  0.53 0.7  0.49]
54 : [0.7  0.66 0.64 0.65 0.7 ]
55 : [0.   0.48 0.55 0.64 0.72]
--------------------------

Epoch : 140
--------------------------
Node ----- Embedding -----

 0 : [0.43 0.54 0.39 0.65 0.5 ]
 1 : [0.44 0.59 0.54 0.72 0.46]
 2 : [0.44 0.51 0.63 0.81 0.55]
 3 : [0.41 0.51 0.62 0.83 0.46]
 4 : [0.43 0.76 0.53 0.7  0.72]
 5 : [0.45 0.75 0.54 0.74 0.72]
 6 : [0.54 0.52 0.42 0.66 0.65]
 7 : [0.79 0.42 0.54 0.55 0.74]
 8 : [0.74 0.6  0.52 0.57 0.68]
 9 : [0.81 0.6  0.49 0.54 0.59]
10 : [0.79 0.67 0.42 0.57 0.6 ]
11 : [0.48 0.57 0.41 0.52 0.49]
12 : [0.82 0.54 0.51 0.54 0.68]
13 : [0.74 0.67 0.49 0.68 0.72]
14 : [0.54 0.71 0.67 0.7  0.79]
15 : [0.64 0.68 0.88 0.63 0.6 ]
16 : [0.4  0.79 0.75 0.62 0.7 ]
17 : [0.44 0.59 0.62 0.59 0.8 ]
18 : [0.39 0.44 0.95 0.67 0.65]
19 : [0.49 0.72 0.64 0.77 0.81]
20 : [0.39 0.52 0.4  0.7  0.45]
21 : [0.68 0.55 0.49 0.43 0.62]
22 : [0.71 0.51 0.47 0.44 0.64]
23 : [0.51 0.35 0.61 0.48 0.7 ]
24 : [0.49 0.5  0.56 0.36 0.66]
25 : [0.73 0.56 0.48 0.53 0.71]
26 : [0.74 0.55 0.59 0.48 0.69]
27 : [0.54 0.47 0.43 0.66 0.79]
28 : [0.4  0.49 0.52 0.62 0.67]
29 : [0.86 0.69 0.63 0.65 0.64]
30 : [0.91 0.82 0.58 0.54 0.46]
31 : [0.33 0.65 0.35 0.89 0.59]
32 : [0.61 0.58 0.21 0.5  0.72]
33 : [0.28 0.65 0.58 0.5  0.15]
34 : [0.35 0.65 0.71 0.65 0.34]
35 : [0.39 0.8  0.67 0.7  0.79]
36 : [0.71 0.61 0.56 0.58 0.83]
37 : [0.76 0.72 0.56 0.54 0.6 ]
38 : [0.41 0.56 0.9  0.58 0.74]
39 : [0.52 0.73 0.95 0.48 0.45]
40 : [0.39 0.72 0.84 0.51 0.48]
41 : [0.49 0.37 0.56 0.22 0.74]
42 : [0.41 0.44 0.79 0.24 0.53]
43 : [0.63 0.84 0.74 0.43 0.23]
44 : [0.6  0.3  0.49 0.75 0.42]
45 : [0.21 0.62 0.55 0.6  0.73]
46 : [0.7  0.42 0.74 0.91 0.41]
47 : [0.65 0.4  0.78 0.9  0.44]
48 : [0.53 0.78 0.62 0.69 0.73]
49 : [0.71 0.49 0.46 0.48 0.56]
50 : [0.78 0.35 0.45 0.62 0.63]
51 : [0.9  0.95 0.53 0.26 0.79]
52 : [0.86 0.47 0.48 0.57 0.59]
53 : [1.   0.6  0.5  0.68 0.46]
54 : [0.7  0.64 0.63 0.69 0.69]
55 : [0.   0.47 0.54 0.63 0.71]
--------------------------

Epoch : 160
--------------------------
Node ----- Embedding -----

 0 : [0.41 0.52 0.37 0.65 0.51]
 1 : [0.44 0.57 0.54 0.73 0.47]
 2 : [0.43 0.51 0.6  0.79 0.52]
 3 : [0.41 0.51 0.6  0.82 0.44]
 4 : [0.42 0.74 0.53 0.71 0.73]
 5 : [0.44 0.72 0.53 0.74 0.71]
 6 : [0.52 0.51 0.38 0.64 0.65]
 7 : [0.74 0.44 0.54 0.52 0.7 ]
 8 : [0.73 0.57 0.49 0.55 0.67]
 9 : [0.79 0.61 0.48 0.54 0.57]
10 : [0.78 0.66 0.41 0.55 0.58]
11 : [0.48 0.56 0.39 0.52 0.52]
12 : [0.79 0.54 0.47 0.51 0.65]
13 : [0.71 0.69 0.45 0.64 0.7 ]
14 : [0.51 0.69 0.64 0.7  0.77]
15 : [0.66 0.65 0.85 0.62 0.61]
16 : [0.41 0.75 0.72 0.63 0.71]
17 : [0.42 0.6  0.64 0.61 0.8 ]
18 : [0.39 0.44 0.89 0.67 0.64]
19 : [0.46 0.7  0.63 0.75 0.79]
20 : [0.39 0.52 0.39 0.66 0.46]
21 : [0.67 0.53 0.49 0.44 0.62]
22 : [0.68 0.5  0.48 0.45 0.63]
23 : [0.5  0.34 0.57 0.46 0.69]
24 : [0.47 0.47 0.52 0.38 0.66]
25 : [0.7  0.54 0.49 0.5  0.69]
26 : [0.7  0.53 0.57 0.46 0.68]
27 : [0.52 0.45 0.41 0.61 0.76]
28 : [0.39 0.46 0.52 0.61 0.68]
29 : [0.86 0.69 0.59 0.61 0.65]
30 : [0.88 0.8  0.56 0.54 0.46]
31 : [0.34 0.62 0.37 0.84 0.55]
32 : [0.59 0.57 0.18 0.45 0.67]
33 : [0.27 0.64 0.58 0.46 0.1 ]
34 : [0.31 0.64 0.71 0.6  0.26]
35 : [0.37 0.79 0.68 0.66 0.73]
36 : [0.69 0.6  0.55 0.5  0.77]
37 : [0.73 0.73 0.52 0.51 0.56]
38 : [0.4  0.57 0.9  0.53 0.72]
39 : [0.48 0.71 0.95 0.42 0.39]
40 : [0.36 0.7  0.85 0.47 0.42]
41 : [0.47 0.37 0.57 0.2  0.69]
42 : [0.39 0.42 0.76 0.18 0.46]
43 : [0.59 0.84 0.74 0.37 0.18]
44 : [0.6  0.27 0.49 0.75 0.43]
45 : [0.18 0.6  0.52 0.57 0.72]
46 : [0.68 0.38 0.74 0.91 0.38]
47 : [0.65 0.36 0.78 0.91 0.41]
48 : [0.54 0.74 0.63 0.72 0.72]
49 : [0.68 0.45 0.43 0.5  0.54]
50 : [0.76 0.32 0.45 0.58 0.6 ]
51 : [0.88 0.9  0.55 0.29 0.76]
52 : [0.85 0.41 0.48 0.57 0.59]
53 : [1.   0.59 0.49 0.67 0.45]
54 : [0.7  0.6  0.66 0.74 0.69]
55 : [0.   0.46 0.52 0.61 0.69]
--------------------------

Epoch : 180
--------------------------
Node ----- Embedding -----

 0 : [0.41 0.52 0.36 0.65 0.52]
 1 : [0.44 0.57 0.52 0.75 0.49]
 2 : [0.41 0.52 0.58 0.79 0.53]
 3 : [0.39 0.51 0.57 0.81 0.46]
 4 : [0.41 0.73 0.51 0.74 0.73]
 5 : [0.46 0.72 0.51 0.74 0.7 ]
 6 : [0.51 0.5  0.37 0.63 0.66]
 7 : [0.75 0.47 0.5  0.52 0.7 ]
 8 : [0.73 0.59 0.49 0.53 0.66]
 9 : [0.77 0.62 0.47 0.53 0.59]
10 : [0.77 0.66 0.42 0.55 0.57]
11 : [0.48 0.57 0.38 0.56 0.53]
12 : [0.78 0.56 0.45 0.48 0.65]
13 : [0.68 0.69 0.43 0.6  0.67]
14 : [0.5  0.66 0.62 0.69 0.75]
15 : [0.67 0.64 0.84 0.63 0.64]
16 : [0.41 0.74 0.72 0.66 0.74]
17 : [0.44 0.61 0.65 0.64 0.8 ]
18 : [0.4  0.45 0.85 0.67 0.66]
19 : [0.45 0.68 0.62 0.74 0.78]
20 : [0.4  0.53 0.38 0.67 0.46]
21 : [0.65 0.53 0.5  0.46 0.64]
22 : [0.67 0.49 0.48 0.45 0.65]
23 : [0.49 0.34 0.54 0.45 0.7 ]
24 : [0.47 0.46 0.5  0.41 0.68]
25 : [0.71 0.54 0.5  0.47 0.69]
26 : [0.71 0.52 0.56 0.44 0.7 ]
27 : [0.52 0.45 0.41 0.58 0.77]
28 : [0.38 0.44 0.56 0.61 0.71]
29 : [0.83 0.69 0.56 0.56 0.65]
30 : [0.86 0.8  0.56 0.54 0.47]
31 : [0.32 0.61 0.39 0.82 0.54]
32 : [0.57 0.58 0.19 0.42 0.6 ]
33 : [0.25 0.64 0.57 0.44 0.05]
34 : [0.3  0.67 0.71 0.51 0.21]
35 : [0.37 0.82 0.71 0.63 0.68]
36 : [0.68 0.58 0.49 0.43 0.75]
37 : [0.7  0.75 0.49 0.44 0.51]
38 : [0.38 0.58 0.93 0.5  0.69]
39 : [0.45 0.7  0.96 0.37 0.33]
40 : [0.34 0.72 0.88 0.44 0.38]
41 : [0.48 0.37 0.59 0.15 0.65]
42 : [0.37 0.42 0.76 0.12 0.39]
43 : [0.57 0.85 0.73 0.31 0.11]
44 : [0.6  0.24 0.51 0.75 0.44]
45 : [0.17 0.59 0.5  0.56 0.72]
46 : [0.71 0.35 0.74 0.94 0.39]
47 : [0.66 0.34 0.8  0.95 0.4 ]
48 : [0.54 0.72 0.64 0.77 0.73]
49 : [0.68 0.4  0.44 0.52 0.55]
50 : [0.75 0.3  0.43 0.56 0.58]
51 : [0.9  0.86 0.58 0.32 0.77]
52 : [0.84 0.37 0.51 0.61 0.58]
53 : [1.   0.6  0.5  0.67 0.42]
54 : [0.72 0.57 0.68 0.79 0.69]
55 : [0.   0.46 0.52 0.61 0.68]
--------------------------

