Graph : 

data = {'_edge_attr_cls': <class 'torch_geometric.data.graph_store.EdgeAttr'>, '_tensor_attr_cls': <class 'torch_geometric.data.feature_store.TensorAttr'>, '_global_store': {}, '_node_store_dict': {'id': {'x': tensor([ 0.,  1.,  2.,  3.,  4.,  5.,  6.,  7.,  8.,  9., 10., 11., 12., 13.,
        14., 15., 16., 17., 18., 19., 20., 21., 22., 23., 24., 25., 26., 27.,
        28., 29., 30.], dtype=torch.float64)}, 'skill': {'x': tensor([0., 1., 2., 3., 4., 5., 6., 7., 8., 9.], dtype=torch.float64)}, 'member': {'x': tensor([ 0.,  1.,  2.,  3.,  4.,  5.,  6.,  7.,  8.,  9., 10., 11., 12.],
       dtype=torch.float64)}}, '_edge_store_dict': {('skill', 'to', 'id'): {'edge_index': tensor([[ 0,  1,  0,  2,  0,  3,  0,  2,  3,  0,  4,  4,  5,  5,  6,  7,  0,  7,
          0,  8,  0,  7,  0,  6,  7,  5,  6,  0,  6,  7,  5,  8,  4,  5,  4,  5,
          3,  5,  4,  5,  3,  4,  5,  4,  5,  4,  5,  0,  8,  0,  7,  8,  5,  6,
          7,  5,  6,  0,  5,  7,  8,  0,  8,  5,  7,  4,  5,  5,  6,  7,  0,  9],
        [ 0,  0,  1,  1,  2,  2,  3,  3,  3,  4,  4,  5,  5,  6,  6,  6,  7,  7,
          8,  8,  9,  9, 10, 10, 10, 11, 11, 12, 12, 12, 13, 13, 14, 14, 15, 15,
         16, 16, 17, 17, 18, 18, 18, 19, 19, 20, 20, 21, 21, 22, 22, 22, 23, 23,
         23, 24, 24, 25, 25, 25, 25, 26, 26, 27, 27, 28, 28, 29, 29, 29, 30, 30]])}, ('id', 'to', 'skill'): {'edge_index': tensor([[ 0,  0,  1,  1,  2,  2,  3,  3,  3,  4,  4,  5,  5,  6,  6,  6,  7,  7,
          8,  8,  9,  9, 10, 10, 10, 11, 11, 12, 12, 12, 13, 13, 14, 14, 15, 15,
         16, 16, 17, 17, 18, 18, 18, 19, 19, 20, 20, 21, 21, 22, 22, 22, 23, 23,
         23, 24, 24, 25, 25, 25, 25, 26, 26, 27, 27, 28, 28, 29, 29, 29, 30, 30],
        [ 0,  1,  0,  2,  0,  3,  0,  2,  3,  0,  4,  4,  5,  5,  6,  7,  0,  7,
          0,  8,  0,  7,  0,  6,  7,  5,  6,  0,  6,  7,  5,  8,  4,  5,  4,  5,
          3,  5,  4,  5,  3,  4,  5,  4,  5,  4,  5,  0,  8,  0,  7,  8,  5,  6,
          7,  5,  6,  0,  5,  7,  8,  0,  8,  5,  7,  4,  5,  5,  6,  7,  0,  9]])}, ('id', 'to', 'member'): {'edge_index': tensor([[ 0,  0,  1,  1,  2,  2,  3,  3,  3,  4,  4,  5,  5,  6,  6,  6,  7,  7,
          8,  8,  9,  9, 10, 10, 11, 11, 12, 12, 12, 13, 13, 13, 14, 15, 15, 16,
         16, 17, 17, 17, 18, 18, 18, 19, 19, 20, 20, 21, 21, 22, 22, 23, 23, 24,
         24, 25, 25, 25, 26, 26, 27, 27, 28, 28, 29, 29, 30, 30],
        [ 0,  1,  0,  1,  0,  2,  0,  1,  2,  0,  3,  0,  3,  4,  5,  6,  4,  5,
          4,  5,  4,  6,  4,  6,  5,  6,  4,  5,  6,  4,  5,  6,  3,  7,  8,  3,
          7,  3,  7,  8,  3,  7,  8,  7,  8,  7,  8,  9, 10,  9, 10, 10, 11, 10,
         11,  9, 10, 11,  9, 10, 10, 11,  7,  8, 10, 11,  6, 12]])}, ('member', 'to', 'id'): {'edge_index': tensor([[ 0,  1,  0,  1,  0,  2,  0,  1,  2,  0,  3,  0,  3,  4,  5,  6,  4,  5,
          4,  5,  4,  6,  4,  6,  5,  6,  4,  5,  6,  4,  5,  6,  3,  7,  8,  3,
          7,  3,  7,  8,  3,  7,  8,  7,  8,  7,  8,  9, 10,  9, 10, 10, 11, 10,
         11,  9, 10, 11,  9, 10, 10, 11,  7,  8, 10, 11,  6, 12],
        [ 0,  0,  1,  1,  2,  2,  3,  3,  3,  4,  4,  5,  5,  6,  6,  6,  7,  7,
          8,  8,  9,  9, 10, 10, 11, 11, 12, 12, 12, 13, 13, 13, 14, 15, 15, 16,
         16, 17, 17, 17, 18, 18, 18, 19, 19, 20, 20, 21, 21, 22, 22, 23, 23, 24,
         24, 25, 25, 25, 26, 26, 27, 27, 28, 28, 29, 29, 30, 30]])}}}

Number of Epochs : 1
---------------------------------
Epoch : 0
--------------------------
Node ----- Embedding -----

 0 : [0.55 0.27 0.64 0.15 0.2 ]
 1 : [0.82 0.55 0.48 0.18 0.6 ]
 2 : [0.23 0.21 0.61 0.46 0.13]
 3 : [0.84 0.57 0.44 0.33 0.63]
 4 : [0.15 0.87 0.69 0.39 0.48]
 5 : [0.41 0.81 0.5  0.78 0.46]
 6 : [0.43 0.2  0.7  0.83 0.53]
 7 : [0.68 0.59 0.19 0.68 0.63]
 8 : [0.42 0.17 0.28 0.29 0.27]
 9 : [0.49 0.74 0.41 0.45 0.72]
10 : [0.22 0.64 0.11 0.53 0.53]
11 : [0.42 0.56 0.35 0.88 0.45]
12 : [0.27 0.35 0.34 0.3  0.63]
13 : [0.31 0.95 0.48 0.33 0.72]
14 : [0.52 0.32 0.22 0.56 0.95]
15 : [0.48 0.4  0.44 0.29 0.6 ]
16 : [0.37 0.57 0.98 0.52 0.64]
17 : [0.52 0.22 0.2  0.93 0.75]
18 : [0.96 0.45 0.59 0.46 0.33]
19 : [0.59 0.59 0.49 0.21 0.69]
20 : [0.21 0.74 0.57 1.   0.62]
21 : [0.84 0.73 0.26 0.7  0.32]
22 : [0.36 0.56 0.99 0.28 0.21]
23 : [0.29 0.68 0.26 0.43 0.78]
24 : [0.44 0.54 0.52 0.38 0.62]
25 : [0.62 0.32 0.4  0.74 0.21]
26 : [0.43 0.15 0.58 0.49 0.36]
27 : [0.85 0.36 0.28 0.78 0.42]
28 : [0.45 0.42 0.57 0.4  0.24]
29 : [0.59 0.51 0.47 0.63 0.19]
30 : [0.46 0.66 0.27 0.51 0.85]
31 : [0.19 0.26 0.36 0.36 0.58]
32 : [0.31 0.31 0.81 0.68 0.49]
33 : [0.4  0.69 0.66 0.76 0.53]
34 : [0.64 0.56 0.69 0.29 0.43]
35 : [0.7  0.35 0.69 0.69 0.88]
36 : [0.56 0.01 0.6  0.74 0.47]
37 : [0.54 0.53 0.43 0.33 0.89]
38 : [0.3  0.19 0.24 0.44 0.31]
39 : [0.32 0.48 0.4  0.32 0.7 ]
40 : [0.31 0.39 0.27 0.47 0.24]
41 : [0.25 0.71 0.37 0.57 0.48]
42 : [0.19 0.65 0.43 0.71 0.53]
43 : [0.29 0.23 0.6  0.58 0.31]
44 : [0.5  0.56 0.73 0.49 0.53]
45 : [0.95 0.06 0.52 0.67 0.5 ]
46 : [0.61 0.64 0.   0.57 0.56]
47 : [0.91 0.45 0.44 0.12 0.6 ]
48 : [0.45 0.11 0.35 0.64 0.47]
49 : [0.52 0.95 0.38 0.65 0.55]
50 : [0.87 0.46 0.11 0.32 0.47]
51 : [0.31 0.35 0.4  0.43 0.86]
52 : [0.33 0.35 0.26 0.43 0.46]
53 : [0.67 0.18 0.46 0.53 0.27]
54 : [0.44 0.5  0.76 0.44 0.31]
--------------------------

