Graph : 

data = {'_edge_attr_cls': <class 'torch_geometric.data.graph_store.EdgeAttr'>, '_tensor_attr_cls': <class 'torch_geometric.data.feature_store.TensorAttr'>, '_global_store': {}, '_node_store_dict': {'id': {'x': tensor([ 0.,  1.,  2.,  3.,  4.,  5.,  6.,  7.,  8.,  9., 10., 11., 12., 13.,
        14., 15., 16., 17., 18., 19., 20., 21., 22., 23., 24., 25., 26., 27.,
        28., 29., 30.], dtype=torch.float64)}, 'skill': {'x': tensor([ 0.,  1.,  2.,  3.,  4.,  5.,  6.,  7.,  8.,  9., 10.],
       dtype=torch.float64)}, 'member': {'x': tensor([ 0.,  1.,  2.,  3.,  4.,  5.,  6.,  7.,  8.,  9., 10., 11., 12.],
       dtype=torch.float64)}}, '_edge_store_dict': {('skill', 'to', 'id'): {'edge_index': tensor([[ 0,  1,  1,  2,  1,  3,  1,  2,  3,  1,  4,  1,  4,  1,  5,  6,  6,  7,
          7,  8,  6,  7,  6,  7,  9,  1,  5,  5,  6,  7,  1,  9,  1, 10,  2,  7,
          1,  4,  1, 10,  1,  3,  1,  4,  0,  1,  7,  8,  6,  7,  8,  1,  6,  1,
          5,  7,  8,  5,  7,  1,  6,  0,  1,  7,  9,  7,  9],
        [ 0,  0,  1,  1,  2,  2,  3,  3,  3,  4,  4,  5,  5,  6,  6,  6,  7,  7,
          8,  8,  9,  9, 10, 10, 10, 11, 11, 12, 12, 12, 13, 13, 14, 14, 15, 15,
         16, 16, 17, 17, 18, 18, 19, 19, 20, 20, 21, 21, 22, 22, 22, 23, 23, 24,
         24, 25, 25, 26, 26, 27, 27, 28, 28, 29, 29, 30, 30]])}, ('id', 'to', 'skill'): {'edge_index': tensor([[ 0,  0,  1,  1,  2,  2,  3,  3,  3,  4,  4,  5,  5,  6,  6,  6,  7,  7,
          8,  8,  9,  9, 10, 10, 10, 11, 11, 12, 12, 12, 13, 13, 14, 14, 15, 15,
         16, 16, 17, 17, 18, 18, 19, 19, 20, 20, 21, 21, 22, 22, 22, 23, 23, 24,
         24, 25, 25, 26, 26, 27, 27, 28, 28, 29, 29, 30, 30],
        [ 0,  1,  1,  2,  1,  3,  1,  2,  3,  1,  4,  1,  4,  1,  5,  6,  6,  7,
          7,  8,  6,  7,  6,  7,  9,  1,  5,  5,  6,  7,  1,  9,  1, 10,  2,  7,
          1,  4,  1, 10,  1,  3,  1,  4,  0,  1,  7,  8,  6,  7,  8,  1,  6,  1,
          5,  7,  8,  5,  7,  1,  6,  0,  1,  7,  9,  7,  9]])}, ('id', 'to', 'member'): {'edge_index': tensor([[ 0,  0,  0,  1,  1,  2,  2,  3,  3,  3,  4,  4,  5,  5,  6,  6,  7,  7,
          8,  8,  9,  9, 10, 10, 11, 11, 12, 12, 12, 13, 13, 13, 14, 15, 15, 16,
         16, 17, 17, 18, 18, 18, 19, 19, 19, 20, 20, 20, 21, 21, 22, 22, 23, 23,
         24, 24, 25, 25, 25, 26, 26, 27, 27, 27, 27, 28, 28, 28, 29, 29, 30, 30],
        [ 0,  1,  2,  0,  2,  0,  3,  0,  2,  3,  0,  4,  0,  4,  0,  1,  1,  5,
          1,  5,  1,  6,  1,  6,  1,  2,  1,  5,  6,  1,  5,  6,  4,  7,  8,  7,
          9,  4,  7,  7,  8,  9,  0,  4,  7,  1,  2,  3,  1, 10,  1, 10, 10, 11,
         10, 11,  1,  5, 10,  5, 10,  0,  1,  5, 10,  0,  7, 10,  5,  6,  6, 12]])}, ('member', 'to', 'id'): {'edge_index': tensor([[ 0,  1,  2,  0,  2,  0,  3,  0,  2,  3,  0,  4,  0,  4,  0,  1,  1,  5,
          1,  5,  1,  6,  1,  6,  1,  2,  1,  5,  6,  1,  5,  6,  4,  7,  8,  7,
          9,  4,  7,  7,  8,  9,  0,  4,  7,  1,  2,  3,  1, 10,  1, 10, 10, 11,
         10, 11,  1,  5, 10,  5, 10,  0,  1,  5, 10,  0,  7, 10,  5,  6,  6, 12],
        [ 0,  0,  0,  1,  1,  2,  2,  3,  3,  3,  4,  4,  5,  5,  6,  6,  7,  7,
          8,  8,  9,  9, 10, 10, 11, 11, 12, 12, 12, 13, 13, 13, 14, 15, 15, 16,
         16, 17, 17, 18, 18, 18, 19, 19, 19, 20, 20, 20, 21, 21, 22, 22, 23, 23,
         24, 24, 25, 25, 25, 26, 26, 27, 27, 27, 27, 28, 28, 28, 29, 29, 30, 30]])}}}

Number of Epochs : 5
---------------------------------
Epoch : 0
--------------------------
Node ----- Embedding -----

 0 : [0.33 0.75 0.46 0.61 0.37]
 1 : [0.58 0.48 0.59 0.5  0.67]
 2 : [0.63 0.38 0.55 0.34 0.33]
 3 : [0.89 0.73 0.57 0.61 0.29]
 4 : [0.37 0.09 0.43 0.48 0.22]
 5 : [0.5  0.68 0.83 0.6  0.38]
 6 : [0.25 0.35 0.58 0.64 0.51]
 7 : [0.52 0.32 0.09 0.42 0.5 ]
 8 : [0.51 0.61 0.88 0.5  0.34]
 9 : [0.41 0.4  0.47 0.46 0.5 ]
10 : [0.9  0.29 0.24 0.59 0.18]
11 : [0.7  0.63 0.25 0.61 0.25]
12 : [0.6  0.7  0.38 0.47 0.38]
13 : [0.43 0.88 0.36 0.64 0.62]
14 : [0.06 0.33 0.48 0.26 0.67]
15 : [0.54 0.32 0.82 0.79 0.79]
16 : [0.47 0.31 0.44 0.44 0.79]
17 : [0.18 0.53 0.82 0.34 0.64]
18 : [0.59 0.85 0.62 0.61 0.43]
19 : [0.69 0.2  0.56 0.5  0.6 ]
20 : [0.43 0.5  0.06 0.61 0.3 ]
21 : [0.26 0.55 0.73 0.63 1.  ]
22 : [0.68 0.77 0.76 0.61 0.59]
23 : [0.56 0.21 0.56 0.38 0.49]
24 : [0.43 0.73 0.47 0.18 0.  ]
25 : [0.28 0.82 0.77 0.15 0.84]
26 : [0.72 0.84 0.97 0.46 0.67]
27 : [0.39 0.45 0.57 0.31 0.43]
28 : [0.48 0.44 0.55 0.6  0.3 ]
29 : [0.53 0.48 0.84 0.19 0.13]
30 : [0.36 0.64 0.45 0.45 0.64]
31 : [0.31 0.73 0.66 0.05 0.76]
32 : [0.81 0.44 0.39 0.99 0.7 ]
33 : [0.65 0.49 0.55 0.54 0.76]
34 : [0.89 0.5  0.83 0.68 0.44]
35 : [0.53 0.81 0.15 0.39 0.5 ]
36 : [0.3  0.74 0.69 0.29 0.61]
37 : [0.62 0.57 0.41 0.47 0.83]
38 : [0.56 0.44 0.48 0.28 0.83]
39 : [0.3  0.55 0.19 0.95 0.45]
40 : [0.52 0.45 0.87 0.65 0.6 ]
41 : [0.41 0.16 0.83 0.47 0.33]
42 : [0.66 0.08 0.7  0.23 0.59]
43 : [0.29 0.51 0.32 0.68 0.48]
44 : [0.37 0.3  0.94 0.85 0.33]
45 : [0.   0.41 0.55 0.52 0.6 ]
46 : [0.85 0.83 0.83 0.52 0.88]
47 : [0.71 0.56 0.42 0.15 0.56]
48 : [0.53 0.36 0.85 0.22 0.45]
49 : [0.3  0.37 0.45 0.51 0.39]
50 : [0.38 0.42 0.66 0.53 0.32]
51 : [0.43 0.68 0.92 0.54 0.2 ]
52 : [0.7  0.19 0.62 0.63 0.5 ]
53 : [0.83 0.41 0.48 0.55 0.57]
54 : [0.65 0.79 0.81 0.53 0.49]
55 : [0.75 0.43 0.53 0.59 0.53]
--------------------------

