              precision    recall  f1-score   support

           0       0.47      1.00      0.64         7
           1       0.45      1.00      0.62         9
           2       0.00      0.00      0.00         4
           3       0.00      0.00      0.00         1
           4       0.43      0.60      0.50         5
           5       0.00      0.00      0.00         4
           6       0.00      0.00      0.00         3
           7       0.25      0.80      0.38         5
           8       0.00      0.00      0.00         2
           9       0.00      0.00      0.00         2
          10       0.00      0.00      0.00         4
          11       0.00      0.00      0.00         1

   micro avg       0.40      0.49      0.44        47
   macro avg       0.13      0.28      0.18        47
weighted avg       0.23      0.49      0.31        47
 samples avg       0.39      0.47      0.41        47
