              precision    recall  f1-score   support

           0       0.45      0.71      0.56         7
           1       0.64      0.78      0.70         9
           2       0.44      0.80      0.57         5
           3       0.00      0.00      0.00         2
           4       0.67      0.50      0.57         4
           5       0.56      1.00      0.71         5
           6       0.00      0.00      0.00         1
           7       0.00      0.00      0.00         4
           8       0.00      0.00      0.00         1
           9       0.00      0.00      0.00         2
          10       0.44      0.80      0.57         5
          11       0.00      0.00      0.00         2

   micro avg       0.52      0.57      0.55        47
   macro avg       0.27      0.38      0.31        47
weighted avg       0.40      0.57      0.46        47
 samples avg       0.52      0.55      0.52        47
