              precision    recall  f1-score   support

           0       0.67      1.00      0.80         6
           1       0.64      1.00      0.78         9
           2       0.50      0.25      0.33         4
           3       0.00      0.00      0.00         1
           4       0.60      0.75      0.67         4
           5       0.50      1.00      0.67         5
           6       0.25      0.67      0.36         3
           7       0.50      0.50      0.50         4
           8       0.50      0.50      0.50         2
           9       0.00      0.00      0.00         1
          10       0.00      0.00      0.00         5
          11       0.00      0.00      0.00         2

   micro avg       0.54      0.63      0.58        46
   macro avg       0.35      0.47      0.38        46
weighted avg       0.44      0.63      0.51        46
 samples avg       0.56      0.62      0.57        46
