              precision    recall  f1-score   support

           0       0.57      0.57      0.57         7
           1       0.58      1.00      0.73        11
           2       1.00      0.50      0.67         4
           3       0.00      0.00      0.00         2
           4       0.00      0.00      0.00         4
           5       0.57      0.80      0.67         5
           6       0.00      0.00      0.00         2
           7       0.00      0.00      0.00         3
           8       0.00      0.00      0.00         1
           9       0.00      0.00      0.00         1
          10       0.00      0.00      0.00         5
          11       0.00      0.00      0.00         1

   micro avg       0.60      0.46      0.52        46
   macro avg       0.23      0.24      0.22        46
weighted avg       0.37      0.46      0.39        46
 samples avg       0.53      0.44      0.47        46
