              precision    recall  f1-score   support

           0       0.57      0.80      0.67         5
           1       0.50      1.00      0.67        10
           2       0.00      0.00      0.00         3
           3       0.00      0.00      0.00         2
           4       0.00      0.00      0.00         3
           5       0.57      0.80      0.67         5
           6       0.00      0.00      0.00         3
           7       0.00      0.00      0.00         4
           8       0.00      0.00      0.00         2
           9       0.00      0.00      0.00         2
          10       0.25      0.60      0.35         5
          11       0.00      0.00      0.00         2

   micro avg       0.46      0.46      0.46        46
   macro avg       0.16      0.27      0.20        46
weighted avg       0.26      0.46      0.33        46
 samples avg       0.46      0.45      0.44        46
