Graph : 

data = {'_edge_attr_cls': <class 'torch_geometric.data.graph_store.EdgeAttr'>, '_tensor_attr_cls': <class 'torch_geometric.data.feature_store.TensorAttr'>, '_global_store': {}, '_node_store_dict': {'id': {'x': tensor([ 0.,  1.,  2.,  3.,  4.,  5.,  6.,  7.,  8.,  9., 10., 11., 12., 13.,
        14., 15., 16., 17.], dtype=torch.float64)}, 'skill': {'x': tensor([ 0.,  1.,  2.,  3.,  4.,  5.,  6.,  7.,  8.,  9., 10., 11., 12., 13.,
        14., 15., 16., 17.], dtype=torch.float64)}, 'member': {'x': tensor([  0.,   1.,   2.,   3.,   4.,   5.,   6.,   7.,   8.,   9.,  10.,  11.,
         12.,  13.,  14.,  15.,  16.,  17.,  18.,  19.,  20.,  21.,  22.,  23.,
         24.,  25.,  26.,  27.,  28.,  29.,  30.,  31.,  32.,  33.,  34.,  35.,
         36.,  37.,  38.,  39.,  40.,  41.,  42.,  43.,  44.,  45.,  46.,  47.,
         48.,  49.,  50.,  51.,  52.,  53.,  54.,  55.,  56.,  57.,  58.,  59.,
         60.,  61.,  62.,  63.,  64.,  65.,  66.,  67.,  68.,  69.,  70.,  71.,
         72.,  73.,  74.,  75.,  76.,  77.,  78.,  79.,  80.,  81.,  82.,  83.,
         84.,  85.,  86.,  87.,  88.,  89.,  90.,  91.,  92.,  93.,  94.,  95.,
         96.,  97.,  98.,  99., 100., 101., 102., 103., 104., 105., 106., 107.],
       dtype=torch.float64)}}, '_edge_store_dict': {('skill', 'to', 'id'): {'edge_index': tensor([[ 0,  0,  1,  0,  2,  3,  0,  4,  5,  6,  7,  8,  8,  8,  8,  9,  6, 10,
         11, 12, 12,  0, 13,  7, 13, 14,  3,  6,  7,  8, 15, 16, 17],
        [ 0,  1,  1,  2,  2,  3,  4,  4,  5,  5,  6,  6,  7,  8,  9,  9, 10, 10,
         11, 11, 12, 13, 13, 14, 14, 14, 15, 15, 15, 16, 17, 17, 17]])}, ('id', 'to', 'skill'): {'edge_index': tensor([[ 0,  1,  1,  2,  2,  3,  4,  4,  5,  5,  6,  6,  7,  8,  9,  9, 10, 10,
         11, 11, 12, 13, 13, 14, 14, 14, 15, 15, 15, 16, 17, 17, 17],
        [ 0,  0,  1,  0,  2,  3,  0,  4,  5,  6,  7,  8,  8,  8,  8,  9,  6, 10,
         11, 12, 12,  0, 13,  7, 13, 14,  3,  6,  7,  8, 15, 16, 17]])}, ('id', 'to', 'member'): {'edge_index': tensor([[  0,   0,   0,   0,   0,   0,   0,   0,   0,   0,   1,   1,   1,   1,
           1,   1,   1,   1,   1,   2,   2,   2,   2,   2,   2,   2,   2,   2,
           2,   3,   3,   3,   3,   3,   3,   3,   3,   3,   3,   4,   4,   4,
           4,   4,   4,   4,   4,   4,   4,   5,   5,   5,   5,   5,   5,   5,
           5,   5,   5,   6,   6,   6,   6,   7,   7,   7,   8,   9,   9,  10,
          10,  10,  10,  10,  10,  10,  10,  11,  11,  11,  11,  11,  12,  12,
          12,  12,  12,  12,  13,  13,  13,  13,  13,  13,  14,  14,  14,  15,
          15,  15,  15,  15,  15,  15,  15,  15,  16,  16,  16,  17],
        [  0,   1,   2,   3,   4,   5,   6,   7,   8,   9,  10,  11,  12,  13,
          14,  15,  16,  17,  18,  19,  20,  21,  22,  23,  24,  25,  26,  27,
          28,  29,  30,  31,  32,  33,  34,  35,  36,  37,  38,  39,  40,  41,
          42,  43,  44,  45,  46,  47,  48,  49,  50,  51,  52,  53,  54,  55,
          56,  57,  58,  59,  60,  61,  62,  63,  64,  65,  66,  66,  67,  68,
          69,  70,  71,  72,  73,  74,  75,  76,  77,  78,  79,  80,  81,  82,
          83,  84,  85,  86,  87,  88,  89,  90,  91,  92,  93,  94,  95,  66,
          96,  97,  98,  99, 100, 101, 102, 103, 104, 105, 106, 107]])}, ('member', 'to', 'id'): {'edge_index': tensor([[  0,   1,   2,   3,   4,   5,   6,   7,   8,   9,  10,  11,  12,  13,
          14,  15,  16,  17,  18,  19,  20,  21,  22,  23,  24,  25,  26,  27,
          28,  29,  30,  31,  32,  33,  34,  35,  36,  37,  38,  39,  40,  41,
          42,  43,  44,  45,  46,  47,  48,  49,  50,  51,  52,  53,  54,  55,
          56,  57,  58,  59,  60,  61,  62,  63,  64,  65,  66,  66,  67,  68,
          69,  70,  71,  72,  73,  74,  75,  76,  77,  78,  79,  80,  81,  82,
          83,  84,  85,  86,  87,  88,  89,  90,  91,  92,  93,  94,  95,  66,
          96,  97,  98,  99, 100, 101, 102, 103, 104, 105, 106, 107],
        [  0,   0,   0,   0,   0,   0,   0,   0,   0,   0,   1,   1,   1,   1,
           1,   1,   1,   1,   1,   2,   2,   2,   2,   2,   2,   2,   2,   2,
           2,   3,   3,   3,   3,   3,   3,   3,   3,   3,   3,   4,   4,   4,
           4,   4,   4,   4,   4,   4,   4,   5,   5,   5,   5,   5,   5,   5,
           5,   5,   5,   6,   6,   6,   6,   7,   7,   7,   8,   9,   9,  10,
          10,  10,  10,  10,  10,  10,  10,  11,  11,  11,  11,  11,  12,  12,
          12,  12,  12,  12,  13,  13,  13,  13,  13,  13,  14,  14,  14,  15,
          15,  15,  15,  15,  15,  15,  15,  15,  16,  16,  16,  17]])}}}

Number of Epochs : 5
---------------------------------
Epoch : 0
--------------------------
Node ----- Embedding -----

 0 : [-0.04135702 -0.5192369  -0.69276017  0.19457383 -0.93706155]
 1 : [-0.83280665  1.699983    1.0945079  -0.6938697  -0.01799152]
 2 : [ 0.4889051   0.01128917 -0.10901844  0.94445443  0.08685825]
 3 : [ 0.67486835 -0.30903697  1.3962258  -0.20271415 -0.48496875]
 4 : [-1.3787286   1.5787933   0.8970778  -1.443306    0.85032123]
 5 : [-0.904188   -0.6981526  -0.45271862  0.19315624  2.3976111 ]
 6 : [-0.03268235  0.6041086   0.26367027  1.0061597   0.37608463]
 7 : [ 0.53520167 -0.6176368  -0.2116387  -0.14898309  0.2689864 ]
 8 : [ 0.11211348 -0.5503897   0.98641014 -1.1342373   0.668827  ]
 9 : [ 1.3164756   0.2389001   0.720819   -0.17654675  1.1754398 ]
10 : [-0.13732101  0.2833411  -0.6849001  -0.76038516 -0.19069178]
11 : [-1.0179852   0.07433115 -0.6855809  -0.73091424 -0.07338336]
12 : [-0.31675997  0.0923759   0.02172483  0.9317174   0.5866644 ]
13 : [ 0.13021994 -0.23382635 -0.45349285 -0.62226564  1.1191939 ]
14 : [-1.1653439  -0.53784573 -0.45093024 -0.0118089  -0.5619382 ]
15 : [-0.3809709  -1.1001608  -0.63783836 -0.15313809 -1.6468436 ]
16 : [ 0.2159615   0.12473618 -0.60712594 -1.8518006   1.1596705 ]
17 : [ 0.28263623 -1.0194547  -1.4964631   2.0008607   0.2001691 ]
18 : [ 0.7320797  -0.39963564  0.942901   -2.5589488  -0.78778523]
19 : [ 1.219893   -1.384053   -1.5484239   0.7318098  -0.37616858]
20 : [ 1.0531865  0.3168442  0.8185414 -1.5653725  2.850329 ]
21 : [ 0.35810024  0.60076034 -0.02922603 -0.72574025  0.42249572]
22 : [-2.3526857  -1.1702217   1.7723051   0.93601394 -1.083415  ]
23 : [ 0.39977163 -1.1141773   0.07798114  0.7849934   0.48583072]
24 : [ 1.2665292   0.40926477  0.24679984  0.5173997  -0.61265415]
25 : [ 0.15948707 -0.45237812 -1.9613252  -0.54801065 -0.22839549]
26 : [-0.22898526  1.4345427   0.04244373  0.76354957 -0.03191672]
27 : [ 0.84457403  0.65850455 -0.45359766  0.12357926  0.89697444]
28 : [-1.6507839   0.37370443  0.5540117   0.8789465  -1.2644287 ]
29 : [ 0.5118822  -0.6708245  -0.31798294  0.16012317 -0.77317846]
30 : [-1.9569019  -0.86970437 -0.572444    1.231629   -1.1926713 ]
31 : [-0.59489006 -0.38515368 -0.32149068  0.8666245   0.18297139]
32 : [ 0.4344774  -0.886398    0.03251005  0.3832676  -0.29379016]
33 : [-0.9409136   1.1199107   0.08553543 -0.2662219  -0.32778662]
34 : [-0.8639834  -3.1787064  -0.30318093  0.74549     0.6587235 ]
35 : [ 0.8397206  -0.20056109  1.5657259  -0.31782457 -1.7172045 ]
36 : [-0.60599864  0.09743122 -0.27112877 -0.5065949   0.24026054]
37 : [ 0.28018853 -1.5209032   0.07659528  1.2680184   0.09747059]
38 : [-0.43411118  0.54310286  1.296309    0.8549406   0.5954025 ]
39 : [-1.0876297  -0.7375474  -0.04357893  0.7375824   1.1860548 ]
40 : [-1.0033194   0.19125994 -0.767514   -0.81809276 -0.22013608]
41 : [-0.78792435  0.37907022 -0.5971064   0.03768896  0.1373556 ]
42 : [-0.9264274   0.08467493  0.26134694 -0.05866895 -1.1074694 ]
43 : [-0.00931263  0.8172773  -0.9217366  -0.6846973   0.41652814]
44 : [-0.5497148  -2.2018747  -0.03476477 -0.78572625  0.8774129 ]
45 : [-0.9131904   0.18670568 -0.7037903  -0.1085798  -0.1631918 ]
46 : [-0.44801608  2.3295023  -1.6481389   0.18453158  1.4223055 ]
47 : [ 0.24707507 -0.78011763  0.9974355   1.1907789   0.59296423]
48 : [-0.29319912  1.1056798   1.4683508   0.85533965  0.59443724]
49 : [-0.03216115  2.0329616  -1.0422766  -0.42662555  0.7372421 ]
50 : [-0.26380867  1.3615628  -0.7180523  -0.3891589   0.41230845]
51 : [ 0.09534802 -0.73327076  0.7101316  -1.291814   -0.10041124]
52 : [ 0.350863   -0.53857076 -0.53919584  2.5335116  -1.3619359 ]
53 : [ 1.269619    0.00594725 -0.46253958  1.0357783  -0.579419  ]
54 : [ 1.2521206  -0.9455278   0.05855243 -0.09724054  0.8255537 ]
55 : [-1.2269993  -0.5617418   0.42571563 -0.7146873   0.48761398]
56 : [ 0.7270883  -0.78812486  0.3579154   1.5792624  -0.57827556]
57 : [-1.0314714  -1.1561701  -0.13231003 -0.45145372 -1.088951  ]
58 : [-0.11691432  0.2151513  -0.787297    0.8086965  -0.70390177]
59 : [-1.7264318  -0.38118067  1.0098293   0.8890824   1.7266557 ]
60 : [ 0.03883157 -1.0389388   0.7661558   0.26173997  0.19525765]
61 : [-0.54710543 -0.09190701  1.9040344  -0.33076006 -0.3573787 ]
62 : [ 1.3292029  0.7761211  1.6361016 -0.8587064 -0.9007136]
63 : [ 1.5440644   2.306125   -1.3893591  -0.37360534  2.3877466 ]
64 : [-0.9380216  -0.34823585  0.24530666 -0.04090954 -1.3783842 ]
65 : [-0.5073909   0.04694705  0.16529217 -0.5642943   0.27034563]
66 : [-0.42259666  1.2801698  -0.12082925  0.21411274 -1.9014301 ]
67 : [-0.5300522  -0.99702865  0.2043787  -0.2750615  -0.00713355]
68 : [-1.1856698e-03 -1.4450725e+00 -3.8201988e-01 -6.0649502e-01
  5.6836251e-02]
69 : [0.00714864 1.0683557  1.2423851  0.5988337  0.61759907]
70 : [-0.914737  -1.6444155 -2.4630847 -0.3212327  1.9946433]
71 : [-0.6162226  -0.7107041  -0.6238824   0.4172876   0.16900928]
72 : [ 1.0555936  -0.964604   -0.14703608  1.4731327  -0.5140578 ]
73 : [-0.2955698  -0.30001247 -0.8540322  -0.6361332   0.18200698]
74 : [ 1.2236634  -0.34441006 -0.56204593 -1.2338128   0.1897276 ]
75 : [-1.1338764   0.98072976  0.05315245 -0.8174112  -0.2576416 ]
76 : [-0.6570925 -1.1331553  0.9281712 -0.5467243 -0.7135787]
77 : [ 0.02659832  1.4764825   0.3311679  -1.1669886  -2.1400278 ]
78 : [ 0.61225516 -0.06688407 -0.91262096 -1.1054283   0.3217184 ]
79 : [-0.52621573 -1.4694275  -2.1702116   1.1362475   0.611329  ]
80 : [-0.5638313   1.4337196  -0.92070735  0.8501184  -1.124599  ]
81 : [-0.29648903  0.40303618  1.4423003  -0.75540304  0.15615483]
82 : [ 1.6433322   2.2431817  -0.48185444 -1.6985637   1.8616582 ]
83 : [-0.57320005  0.40337658 -0.745511    0.64472413  2.1550238 ]
84 : [-0.71554977 -0.79907596  1.2325132  -0.0516144  -0.36092013]
85 : [-1.5717471   1.608134    0.75334615 -0.06328887 -0.45171484]
86 : [-0.8212016   0.9637925  -0.7182823   1.1149694  -0.87869173]
87 : [ 2.1443746   0.3364183   0.6053423  -0.71847475 -1.7075404 ]
88 : [ 1.5954571   0.80663574  0.5792619  -0.7404631   0.8225146 ]
89 : [ 0.12524852  1.3991524  -1.1450714  -0.22752416 -0.35186023]
90 : [ 0.39444545 -0.7654239  -0.08059121  0.29739434 -0.29505706]
91 : [-0.20428865 -0.3917822   0.113262    0.42099962 -0.83777905]
92 : [ 0.3065407  -1.7630886  -2.4222171   0.61404026  1.537896  ]
93 : [-0.9313016   0.91872275 -0.5142131   1.1010299  -0.6685456 ]
94 : [-0.11991595 -1.3920302  -1.4786055  -1.7068638   0.71722865]
95 : [ 0.03304001  0.7742381   0.93960124  0.09453689 -0.6451707 ]
96 : [-0.5453787  -0.04703875  0.90434813 -0.4226142   0.20665805]
97 : [-0.3742585  -0.10991398 -1.7679771   0.13580853  1.5576675 ]
98 : [ 0.17787369  0.32661378 -1.1023341   1.1361586   0.24361408]
99 : [-0.30375114  1.8865546  -0.61350894 -0.52703476 -1.0650238 ]
100 : [ 1.6176214   1.1477745   0.12316279 -0.19361031 -0.88155   ]
101 : [ 0.7693689   0.152672    0.08596367  0.20226948 -0.8973679 ]
102 : [ 1.6171099   1.2253958  -0.54536414 -0.54100835 -0.66067594]
103 : [-0.74274665 -0.10083719 -0.27718735 -0.5993396   1.2974501 ]
104 : [-1.7617917  -0.63327557 -0.02771885 -2.2865176  -0.8877997 ]
105 : [ 1.2287368   0.76421636 -0.24679542 -0.38572127  1.317379  ]
106 : [-0.79423887 -2.6908262  -0.29678702 -1.6422224   0.90485007]
107 : [-0.47178438  0.7391365  -0.01778953  1.3989888   0.04532039]
108 : [-1.949885    0.19208239  1.512095   -2.5928857   2.2443686 ]
109 : [ 0.6600438  -1.2708446  -0.59381205 -0.042364    1.3232754 ]
110 : [-0.9465616   0.12398864  0.11005539  0.2230842  -0.6471671 ]
111 : [-0.7946921  -1.4596469   0.14692885 -0.10832828  0.34303474]
112 : [-1.2579205  -0.14025523 -0.5117735  -1.230894    1.1606681 ]
113 : [-0.2532016   0.8408187  -0.6356112   0.43300673 -1.2085238 ]
114 : [ 0.16841203 -0.2839953   0.48859543 -0.5354685  -0.0273207 ]
115 : [-0.06076849  1.1486003  -0.93525153  1.2578592   0.68960875]
116 : [-1.6227142  -1.3077916  -1.0587469  -0.2682638  -0.29819036]
117 : [0.23738767 0.4815597  0.63218594 0.4283189  1.4574381 ]
118 : [-2.308677    0.63312274 -1.6121688   0.70917237  1.4198862 ]
119 : [-0.39712656  0.76146    -0.64511317  0.6000331  -2.179803  ]
120 : [-0.94067323  0.788067    0.43631718 -0.8499722  -0.11893894]
121 : [-0.08245298 -1.0245154   2.1989403  -0.3684772  -0.7499207 ]
122 : [ 0.71255785 -1.5379318   0.42936316 -0.48726067  0.51616967]
123 : [-0.25119907 -0.24572018  0.46504164  0.26060367  0.55960315]
124 : [ 1.0656413   0.43767104 -0.11409882  0.90716964 -1.2960399 ]
125 : [ 0.17279884 -0.6084041   0.20040256  0.77332914 -0.97421867]
126 : [-0.19653128  0.51343477  0.99046177 -0.5540007  -0.06642323]
127 : [-0.44431543  0.08941557  1.0587747   0.7876518   0.7135231 ]
128 : [ 2.2679563  -1.598667    0.8203936   0.17506455  0.66673154]
129 : [-0.8972529  -0.5710329  -0.2554007   1.4365429   0.03175215]
130 : [ 0.02640425 -0.13713588 -0.6009933  -1.7237726  -1.0847157 ]
131 : [-1.1658772   1.478317    0.05278322 -0.16478986  0.19421627]
132 : [-0.5993973  -2.0440059  -0.01477627  0.5535689  -0.2915544 ]
133 : [ 0.83653015  0.31807742 -0.9218182  -2.0089912  -0.58354443]
134 : [ 0.8304043 -1.4902972 -1.7157149  1.9044697  0.7815799]
135 : [ 0.8236912   0.31191     1.1599221   0.04194615 -0.30440238]
136 : [-0.04199224  0.0773186  -0.9655594  -0.76078945 -0.60879385]
137 : [-1.7158135  -0.5946639  -0.21731226 -0.7451609   0.9933354 ]
138 : [ 0.24955459  1.6855489  -0.2240596  -0.4149963  -0.30184734]
139 : [-0.5920184   0.2081437  -0.53538984  0.89464873  1.5932062 ]
140 : [-1.6743771  -0.05741013  0.6521171  -0.72331953 -1.9621218 ]
141 : [ 0.39978135  1.2547294  -0.05360128 -0.3034148   1.2326375 ]
142 : [-0.48967552  1.3314087  -1.2514815  -1.0952394   1.0199294 ]
143 : [-1.0305519  -0.63370633 -1.7135092  -0.25036615 -1.21622   ]
144 : [-0.64912164  1.6569617  -0.92695266 -0.09544079  1.2957386 ]
--------------------------

