Graph : 

data = {'_edge_attr_cls': <class 'torch_geometric.data.graph_store.EdgeAttr'>, '_tensor_attr_cls': <class 'torch_geometric.data.feature_store.TensorAttr'>, '_global_store': {}, '_node_store_dict': {'id': {'x': tensor([ 0.,  1.,  2.,  3.,  4.,  5.,  6.,  7.,  8.,  9., 10., 11., 12., 13.,
        14., 15., 16., 17.], dtype=torch.float64)}, 'skill': {'x': tensor([ 0.,  1.,  2.,  3.,  4.,  5.,  6.,  7.,  8.,  9., 10., 11., 12., 13.,
        14., 15., 16., 17.], dtype=torch.float64)}, 'member': {'x': tensor([  0.,   1.,   2.,   3.,   4.,   5.,   6.,   7.,   8.,   9.,  10.,  11.,
         12.,  13.,  14.,  15.,  16.,  17.,  18.,  19.,  20.,  21.,  22.,  23.,
         24.,  25.,  26.,  27.,  28.,  29.,  30.,  31.,  32.,  33.,  34.,  35.,
         36.,  37.,  38.,  39.,  40.,  41.,  42.,  43.,  44.,  45.,  46.,  47.,
         48.,  49.,  50.,  51.,  52.,  53.,  54.,  55.,  56.,  57.,  58.,  59.,
         60.,  61.,  62.,  63.,  64.,  65.,  66.,  67.,  68.,  69.,  70.,  71.,
         72.,  73.,  74.,  75.,  76.,  77.,  78.,  79.,  80.,  81.,  82.,  83.,
         84.,  85.,  86.,  87.,  88.,  89.,  90.,  91.,  92.,  93.,  94.,  95.,
         96.,  97.,  98.,  99., 100., 101., 102., 103., 104., 105., 106., 107.],
       dtype=torch.float64)}}, '_edge_store_dict': {('skill', 'to', 'id'): {'edge_index': tensor([[ 0,  0,  1,  0,  2,  3,  0,  4,  5,  6,  7,  8,  8,  8,  8,  9,  6, 10,
         11, 12, 12,  0, 13,  7, 13, 14,  3,  6,  7,  8, 15, 16, 17],
        [ 0,  1,  1,  2,  2,  3,  4,  4,  5,  5,  6,  6,  7,  8,  9,  9, 10, 10,
         11, 11, 12, 13, 13, 14, 14, 14, 15, 15, 15, 16, 17, 17, 17]])}, ('id', 'to', 'skill'): {'edge_index': tensor([[ 0,  1,  1,  2,  2,  3,  4,  4,  5,  5,  6,  6,  7,  8,  9,  9, 10, 10,
         11, 11, 12, 13, 13, 14, 14, 14, 15, 15, 15, 16, 17, 17, 17],
        [ 0,  0,  1,  0,  2,  3,  0,  4,  5,  6,  7,  8,  8,  8,  8,  9,  6, 10,
         11, 12, 12,  0, 13,  7, 13, 14,  3,  6,  7,  8, 15, 16, 17]])}, ('id', 'to', 'member'): {'edge_index': tensor([[  0,   0,   0,   0,   0,   0,   0,   0,   0,   0,   1,   1,   1,   1,
           1,   1,   1,   1,   1,   2,   2,   2,   2,   2,   2,   2,   2,   2,
           2,   3,   3,   3,   3,   3,   3,   3,   3,   3,   3,   4,   4,   4,
           4,   4,   4,   4,   4,   4,   4,   5,   5,   5,   5,   5,   5,   5,
           5,   5,   5,   6,   6,   6,   6,   7,   7,   7,   8,   9,   9,  10,
          10,  10,  10,  10,  10,  10,  10,  11,  11,  11,  11,  11,  12,  12,
          12,  12,  12,  12,  13,  13,  13,  13,  13,  13,  14,  14,  14,  15,
          15,  15,  15,  15,  15,  15,  15,  15,  16,  16,  16,  17],
        [  0,   1,   2,   3,   4,   5,   6,   7,   8,   9,  10,  11,  12,  13,
          14,  15,  16,  17,  18,  19,  20,  21,  22,  23,  24,  25,  26,  27,
          28,  29,  30,  31,  32,  33,  34,  35,  36,  37,  38,  39,  40,  41,
          42,  43,  44,  45,  46,  47,  48,  49,  50,  51,  52,  53,  54,  55,
          56,  57,  58,  59,  60,  61,  62,  63,  64,  65,  66,  66,  67,  68,
          69,  70,  71,  72,  73,  74,  75,  76,  77,  78,  79,  80,  81,  82,
          83,  84,  85,  86,  87,  88,  89,  90,  91,  92,  93,  94,  95,  66,
          96,  97,  98,  99, 100, 101, 102, 103, 104, 105, 106, 107]])}, ('member', 'to', 'id'): {'edge_index': tensor([[  0,   1,   2,   3,   4,   5,   6,   7,   8,   9,  10,  11,  12,  13,
          14,  15,  16,  17,  18,  19,  20,  21,  22,  23,  24,  25,  26,  27,
          28,  29,  30,  31,  32,  33,  34,  35,  36,  37,  38,  39,  40,  41,
          42,  43,  44,  45,  46,  47,  48,  49,  50,  51,  52,  53,  54,  55,
          56,  57,  58,  59,  60,  61,  62,  63,  64,  65,  66,  66,  67,  68,
          69,  70,  71,  72,  73,  74,  75,  76,  77,  78,  79,  80,  81,  82,
          83,  84,  85,  86,  87,  88,  89,  90,  91,  92,  93,  94,  95,  66,
          96,  97,  98,  99, 100, 101, 102, 103, 104, 105, 106, 107],
        [  0,   0,   0,   0,   0,   0,   0,   0,   0,   0,   1,   1,   1,   1,
           1,   1,   1,   1,   1,   2,   2,   2,   2,   2,   2,   2,   2,   2,
           2,   3,   3,   3,   3,   3,   3,   3,   3,   3,   3,   4,   4,   4,
           4,   4,   4,   4,   4,   4,   4,   5,   5,   5,   5,   5,   5,   5,
           5,   5,   5,   6,   6,   6,   6,   7,   7,   7,   8,   9,   9,  10,
          10,  10,  10,  10,  10,  10,  10,  11,  11,  11,  11,  11,  12,  12,
          12,  12,  12,  12,  13,  13,  13,  13,  13,  13,  14,  14,  14,  15,
          15,  15,  15,  15,  15,  15,  15,  15,  16,  16,  16,  17]])}}}

Number of Epochs : 1
---------------------------------
Epoch : 0
--------------------------
Node ----- Embedding -----

 0 : [0.73 0.59 0.46 0.84 0.37]
 1 : [0.51 0.46 0.56 0.42 0.54]
 2 : [0.23 0.25 0.37 0.5  0.53]
 3 : [0.23 0.15 0.37 0.55 0.45]
 4 : [0.34 0.13 0.7  0.63 0.52]
 5 : [0.46 0.12 0.35 0.79 0.37]
 6 : [0.47 0.46 0.36 0.53 0.19]
 7 : [0.29 0.55 0.44 0.36 0.38]
 8 : [0.5  0.37 0.44 0.35 0.13]
 9 : [0.39 0.4  0.38 0.45 0.52]
10 : [0.59 0.31 0.41 0.62 0.55]
11 : [0.59 0.67 0.5  0.48 0.7 ]
12 : [0.6  0.66 0.73 0.42 0.47]
13 : [0.36 0.44 0.76 0.79 0.17]
14 : [0.45 0.82 0.31 0.43 0.47]
15 : [0.55 0.41 0.42 0.48 0.84]
16 : [0.46 0.33 0.64 0.42 0.43]
17 : [0.46 0.48 0.63 0.54 0.13]
18 : [0.81 0.23 0.16 0.47 0.73]
19 : [0.32 0.13 0.69 0.47 0.67]
20 : [0.51 0.14 0.43 0.58 0.27]
21 : [0.23 0.32 0.59 0.49 0.67]
22 : [0.53 0.61 0.29 0.5  0.48]
23 : [0.53 0.48 0.62 0.93 0.75]
24 : [0.61 0.6  0.48 0.6  0.47]
25 : [0.41 0.58 0.28 0.03 0.44]
26 : [0.52 0.34 0.63 0.41 0.46]
27 : [0.46 0.69 0.66 0.44 0.48]
28 : [0.66 0.61 0.52 0.54 0.42]
29 : [0.52 0.79 0.47 0.66 0.57]
30 : [0.69 0.43 0.1  0.62 0.54]
31 : [0.39 0.65 0.4  0.2  0.49]
32 : [0.72 0.3  0.47 0.54 0.28]
33 : [0.46 0.83 0.79 0.57 0.43]
34 : [0.59 0.43 0.44 0.58 0.64]
35 : [0.52 0.45 0.89 0.49 0.66]
36 : [0.37 0.32 0.14 0.56 0.59]
37 : [0.59 0.32 0.42 0.34 0.27]
38 : [0.4  0.54 0.45 0.52 0.16]
39 : [0.39 0.55 0.25 0.53 0.56]
40 : [0.41 0.33 0.64 0.35 0.77]
41 : [0.49 0.38 0.38 0.1  0.3 ]
42 : [0.39 0.35 0.41 0.12 0.29]
43 : [0.49 0.46 0.46 0.42 0.59]
44 : [0.47 0.41 0.27 0.44 0.45]
45 : [0.48 0.44 0.86 0.72 0.53]
46 : [0.41 0.78 0.35 0.5  0.17]
47 : [0.27 0.34 0.35 0.26 0.74]
48 : [0.7  0.27 0.7  0.32 0.32]
49 : [0.32 0.52 0.39 0.54 0.51]
50 : [0.48 0.24 0.41 0.65 0.4 ]
51 : [0.33 0.61 0.32 0.42 0.69]
52 : [0.34 0.28 0.32 0.5  0.43]
53 : [0.43 0.31 0.27 0.34 0.48]
54 : [0.47 0.42 0.25 0.25 0.41]
55 : [0.42 0.46 0.57 0.56 0.45]
56 : [0.34 0.29 0.43 0.27 0.6 ]
57 : [0.2  0.42 0.19 0.62 0.6 ]
58 : [0.25 0.37 0.39 0.5  0.28]
59 : [0.4  0.56 0.62 0.62 0.5 ]
60 : [0.48 0.43 0.53 0.53 0.5 ]
61 : [0.44 0.39 0.38 0.   0.66]
62 : [0.67 0.33 0.73 0.11 0.49]
63 : [0.38 0.34 0.46 0.43 0.59]
64 : [0.52 0.28 0.62 0.34 0.53]
65 : [0.3  0.58 0.66 0.51 0.66]
66 : [0.38 0.27 0.27 0.59 0.31]
67 : [0.62 0.43 0.42 0.66 0.66]
68 : [0.47 0.47 0.87 0.25 0.31]
69 : [0.35 0.56 0.45 0.54 0.37]
70 : [0.41 0.57 0.21 0.67 0.36]
71 : [0.29 0.25 0.66 0.23 0.56]
72 : [0.27 0.52 0.17 0.38 0.48]
73 : [0.42 0.51 0.51 0.67 0.72]
74 : [0.43 0.36 0.62 0.64 0.65]
75 : [0.53 0.49 0.56 0.32 0.32]
76 : [0.31 0.36 0.5  0.63 0.49]
77 : [0.35 0.58 0.46 0.2  0.47]
78 : [0.55 0.42 0.55 0.8  0.37]
79 : [0.66 0.64 0.54 0.34 0.43]
80 : [0.14 0.47 0.57 0.48 0.45]
81 : [0.35 0.5  0.13 0.45 0.6 ]
82 : [0.3  0.75 0.57 0.56 0.35]
83 : [0.42 0.68 0.32 0.64 0.15]
84 : [0.49 0.38 0.37 0.52 0.36]
85 : [0.62 0.49 0.5  0.61 0.33]
86 : [0.63 0.2  0.3  0.44 0.45]
87 : [0.45 0.49 0.45 0.12 0.26]
88 : [0.6  0.19 0.43 0.52 0.39]
89 : [0.38 0.64 0.5  0.45 0.7 ]
90 : [0.27 0.57 0.64 0.41 0.38]
91 : [0.53 0.72 0.6  0.61 0.36]
92 : [0.41 0.32 0.37 0.42 0.48]
93 : [0.71 0.43 0.18 0.22 0.23]
94 : [0.31 0.7  0.6  0.47 0.59]
95 : [0.38 0.42 0.47 0.51 0.42]
96 : [0.67 0.44 0.55 0.22 0.41]
97 : [0.64 1.   0.48 0.52 0.53]
98 : [0.8  0.25 0.58 0.6  0.44]
99 : [0.32 0.31 0.33 0.55 0.57]
100 : [0.55 0.77 0.22 0.3  0.71]
101 : [0.12 0.71 0.53 0.43 0.37]
102 : [0.52 0.68 0.65 0.5  0.73]
103 : [0.49 0.67 0.59 0.72 0.61]
104 : [0.56 0.51 0.55 0.51 0.46]
105 : [0.21 0.67 0.39 0.43 0.76]
106 : [0.11 0.48 0.7  0.54 0.34]
107 : [0.49 0.44 0.51 0.5  0.32]
108 : [0.75 0.45 0.47 0.54 0.46]
109 : [0.6  0.68 0.51 0.57 0.42]
110 : [0.54 0.49 0.59 0.4  0.19]
111 : [0.47 0.28 0.2  0.44 0.58]
112 : [0.61 0.1  0.38 0.37 0.34]
113 : [0.52 0.57 0.36 0.4  0.49]
114 : [0.41 0.67 0.58 0.39 0.45]
115 : [0.55 0.56 0.34 0.49 0.67]
116 : [0.64 0.35 0.28 0.6  0.81]
117 : [0.56 0.78 0.68 0.48 0.57]
118 : [0.57 0.4  0.59 0.62 0.57]
119 : [0.07 0.36 0.61 0.76 0.26]
120 : [0.37 0.64 0.66 0.44 0.72]
121 : [0.41 0.44 0.44 0.29 0.56]
122 : [0.58 0.59 0.53 0.52 0.52]
123 : [0.3  0.54 0.75 0.66 0.56]
124 : [0.67 0.43 0.58 0.38 0.42]
125 : [0.6  0.35 0.61 0.4  0.49]
126 : [0.46 0.65 0.46 0.56 0.52]
127 : [0.36 0.57 0.56 0.48 0.39]
128 : [0.56 0.34 0.45 0.38 0.38]
129 : [0.51 0.65 0.41 0.45 0.42]
130 : [0.49 0.55 0.5  0.39 0.42]
131 : [0.2  0.58 0.3  0.3  0.39]
132 : [0.52 0.4  0.3  0.35 0.29]
133 : [0.53 0.53 0.6  0.63 0.17]
134 : [0.43 0.25 0.2  0.45 0.27]
135 : [0.73 0.5  0.32 0.48 0.65]
136 : [0.48 0.54 0.69 0.48 0.64]
137 : [0.8  0.48 0.5  0.66 0.57]
138 : [0.35 0.35 0.53 0.55 0.48]
139 : [0.38 0.43 0.53 0.67 0.48]
140 : [0.5  0.38 0.51 0.57 0.53]
141 : [0.43 0.61 0.39 0.42 0.55]
142 : [0.64 0.27 0.45 0.33 0.37]
143 : [0.31 0.37 0.41 0.3  0.45]
144 : [0.54 0.52 0.5  0.37 0.34]
--------------------------

