Graph : 

data = {'_edge_attr_cls': <class 'torch_geometric.data.data.DataEdgeAttr'>, '_tensor_attr_cls': <class 'torch_geometric.data.data.DataTensorAttr'>, '_store': {'x': tensor([ 0.,  1.,  2.,  3.,  4.,  5.,  6.,  7.,  8.,  9., 10., 11., 12., 13.,
        14., 15., 16., 17., 18., 19., 20., 21., 22., 23., 24., 25., 26., 27.,
        28., 29., 30., 31., 32., 33., 34., 35., 36., 37., 38., 39., 40., 41.,
        42., 43., 44., 45., 46., 47., 48., 49., 50., 51., 52., 53., 54., 55.,
        56., 57., 58.], dtype=torch.float64), 'edge_index': tensor([[ 1,  0,  2,  ..., 56, 58, 57],
        [ 0,  1,  0,  ..., 58, 57, 58]])}}

Number of Epochs : 250
---------------------------------
Epoch : 0
--------------------------
Node ----- Embedding -----

 0 : [0.34 0.27 0.39 0.68 0.21]
 1 : [0.56 0.67 0.56 0.48 0.44]
 2 : [0.45 0.64 0.43 0.42 0.44]
 3 : [0.26 0.43 0.69 0.61 0.55]
 4 : [0.54 0.06 0.37 0.57 0.31]
 5 : [0.33 0.49 0.47 0.47 0.88]
 6 : [0.76 0.44 0.71 0.42 0.36]
 7 : [0.28 0.44 0.45 0.49 0.57]
 8 : [0.32 0.54 0.14 0.37 0.24]
 9 : [0.59 0.28 0.6  0.7  0.54]
10 : [0.49 0.52 0.69 0.69 0.49]
11 : [0.84 0.57 0.6  0.5  0.57]
12 : [0.23 0.69 0.92 0.53 0.62]
13 : [0.33 0.85 0.53 0.62 0.34]
14 : [0.49 0.27 0.48 0.2  0.52]
15 : [0.19 0.2  0.84 0.34 0.41]
16 : [0.61 0.55 0.4  0.49 0.79]
17 : [0.42 0.62 0.61 0.4  0.41]
18 : [0.46 0.59 0.44 0.2  0.61]
19 : [0.48 0.34 0.39 0.28 0.4 ]
20 : [0.66 0.15 0.56 0.43 0.79]
21 : [0.6  0.65 0.46 0.46 0.45]
22 : [0.68 0.47 0.39 0.73 0.46]
23 : [0.58 0.46 0.38 0.67 0.51]
24 : [0.27 0.37 0.48 0.64 0.57]
25 : [0.43 0.66 0.4  0.46 0.48]
26 : [0.52 0.63 0.52 0.53 0.52]
27 : [0.55 0.46 0.48 0.51 0.43]
28 : [0.21 0.49 0.15 0.61 0.79]
29 : [0.4  0.52 0.44 0.57 0.52]
30 : [0.44 0.45 0.72 0.34 0.25]
31 : [0.46 0.62 0.53 0.6  0.3 ]
32 : [0.46 0.67 0.51 0.7  0.51]
33 : [0.43 0.7  0.54 0.   0.73]
34 : [0.66 0.61 0.48 0.52 0.34]
35 : [0.4  0.25 0.67 0.52 0.65]
36 : [0.69 0.75 0.57 0.49 0.59]
37 : [0.58 0.64 0.46 0.43 0.56]
38 : [0.44 0.14 0.6  0.28 0.45]
39 : [0.34 0.39 0.49 0.27 0.53]
40 : [0.24 0.77 0.61 0.34 0.28]
41 : [0.65 0.45 0.37 0.38 0.27]
42 : [0.49 0.73 0.58 0.57 0.6 ]
43 : [0.79 0.64 0.51 0.65 0.49]
44 : [0.49 0.58 0.58 0.77 0.49]
45 : [0.37 0.59 0.57 0.3  0.46]
46 : [0.71 0.65 0.68 0.43 0.45]
47 : [0.61 0.48 0.62 0.48 0.51]
48 : [0.47 1.   0.53 0.4  0.5 ]
49 : [0.57 0.65 0.28 0.51 0.53]
50 : [0.6  0.68 0.33 0.65 0.47]
51 : [0.68 0.63 0.34 0.76 0.41]
52 : [0.78 0.41 0.57 0.67 0.41]
53 : [0.79 0.54 0.16 0.49 0.62]
54 : [0.56 0.56 0.7  0.67 0.62]
55 : [0.47 0.46 0.81 0.83 0.39]
56 : [0.61 0.49 0.35 0.66 0.43]
57 : [0.47 0.62 0.27 0.47 0.39]
58 : [0.44 0.43 0.46 0.86 0.49]
--------------------------

Epoch : 20
--------------------------
Node ----- Embedding -----

 0 : [0.26 0.25 0.41 0.61 0.26]
 1 : [0.31 0.45 0.38 0.57 0.35]
 2 : [0.25 0.45 0.37 0.53 0.33]
 3 : [0.22 0.27 0.52 0.59 0.37]
 4 : [0.4  0.07 0.36 0.51 0.32]
 5 : [0.2  0.27 0.35 0.58 0.77]
 6 : [0.54 0.15 0.5  0.48 0.32]
 7 : [0.26 0.31 0.42 0.56 0.4 ]
 8 : [0.22 0.35 0.15 0.45 0.23]
 9 : [0.36 0.24 0.43 0.61 0.38]
10 : [0.42 0.52 0.77 0.54 0.68]
11 : [0.77 0.54 0.77 0.35 0.73]
12 : [0.3  0.6  0.82 0.48 0.75]
13 : [0.33 0.75 0.7  0.45 0.56]
14 : [0.45 0.37 0.63 0.24 0.69]
15 : [0.26 0.29 0.84 0.35 0.59]
16 : [0.49 0.54 0.57 0.33 0.78]
17 : [0.42 0.55 0.67 0.35 0.62]
18 : [0.42 0.57 0.58 0.25 0.73]
19 : [0.55 0.35 0.16 0.34 0.54]
20 : [0.66 0.22 0.36 0.48 0.84]
21 : [0.55 0.49 0.23 0.51 0.66]
22 : [0.59 0.38 0.22 0.61 0.64]
23 : [0.55 0.41 0.2  0.54 0.65]
24 : [0.39 0.39 0.25 0.57 0.67]
25 : [0.51 0.53 0.2  0.48 0.66]
26 : [0.51 0.49 0.27 0.5  0.69]
27 : [0.52 0.4  0.26 0.52 0.62]
28 : [0.27 0.5  0.1  0.53 0.81]
29 : [0.45 0.46 0.66 0.37 0.49]
30 : [0.52 0.45 0.73 0.31 0.34]
31 : [0.41 0.52 0.71 0.42 0.41]
32 : [0.42 0.54 0.76 0.52 0.52]
33 : [0.46 0.62 0.65 0.   0.65]
34 : [0.54 0.52 0.69 0.35 0.42]
35 : [0.49 0.35 0.8  0.38 0.56]
36 : [0.56 0.62 0.73 0.35 0.55]
37 : [0.51 0.53 0.67 0.3  0.47]
38 : [0.5  0.18 0.74 0.26 0.4 ]
39 : [0.5  0.6  0.56 0.32 0.28]
40 : [0.35 0.79 0.51 0.39 0.25]
41 : [0.61 0.6  0.47 0.34 0.21]
42 : [0.55 0.74 0.56 0.41 0.37]
43 : [0.69 0.73 0.56 0.47 0.3 ]
44 : [0.51 0.7  0.59 0.62 0.26]
45 : [0.49 0.68 0.52 0.35 0.3 ]
46 : [0.64 0.68 0.59 0.37 0.3 ]
47 : [0.59 0.64 0.59 0.38 0.28]
48 : [0.48 1.   0.45 0.36 0.39]
49 : [0.69 0.58 0.33 0.68 0.47]
50 : [0.64 0.6  0.38 0.75 0.48]
51 : [0.68 0.56 0.38 0.77 0.46]
52 : [0.77 0.47 0.45 0.71 0.45]
53 : [0.83 0.56 0.22 0.63 0.51]
54 : [0.72 0.54 0.58 0.8  0.54]
55 : [0.64 0.52 0.71 0.94 0.5 ]
56 : [0.69 0.54 0.4  0.76 0.45]
57 : [0.67 0.58 0.32 0.67 0.42]
58 : [0.6  0.53 0.4  0.85 0.47]
--------------------------

Epoch : 40
--------------------------
Node ----- Embedding -----

 0 : [0.11 0.19 0.4  0.58 0.23]
 1 : [0.07 0.28 0.3  0.62 0.21]
 2 : [0.05 0.3  0.32 0.58 0.25]
 3 : [0.09 0.17 0.43 0.63 0.27]
 4 : [0.27 0.07 0.36 0.54 0.26]
 5 : [0.02 0.13 0.31 0.65 0.6 ]
 6 : [0.35 0.03 0.38 0.55 0.24]
 7 : [0.11 0.17 0.35 0.62 0.27]
 8 : [0.11 0.23 0.2  0.51 0.23]
 9 : [0.18 0.13 0.38 0.59 0.25]
10 : [0.29 0.57 0.78 0.48 0.81]
11 : [0.64 0.5  0.77 0.35 0.83]
12 : [0.22 0.61 0.76 0.47 0.82]
13 : [0.24 0.69 0.71 0.42 0.75]
14 : [0.36 0.45 0.68 0.29 0.77]
15 : [0.23 0.4  0.76 0.41 0.74]
16 : [0.35 0.54 0.65 0.38 0.83]
17 : [0.33 0.54 0.71 0.37 0.76]
18 : [0.3  0.56 0.65 0.31 0.81]
19 : [0.56 0.35 0.03 0.27 0.62]
20 : [0.58 0.28 0.18 0.35 0.75]
21 : [0.5  0.41 0.09 0.31 0.7 ]
22 : [0.51 0.37 0.06 0.42 0.69]
23 : [0.53 0.42 0.08 0.37 0.68]
24 : [0.41 0.4  0.06 0.34 0.73]
25 : [0.47 0.45 0.05 0.31 0.71]
26 : [0.49 0.41 0.08 0.33 0.72]
27 : [0.53 0.39 0.07 0.31 0.68]
28 : [0.34 0.47 0.03 0.38 0.72]
29 : [0.56 0.31 0.77 0.23 0.37]
30 : [0.55 0.32 0.77 0.19 0.33]
31 : [0.51 0.38 0.79 0.26 0.39]
32 : [0.5  0.4  0.85 0.33 0.41]
33 : [0.52 0.4  0.7  0.   0.48]
34 : [0.56 0.34 0.8  0.19 0.37]
35 : [0.55 0.3  0.81 0.22 0.39]
36 : [0.52 0.46 0.79 0.19 0.37]
37 : [0.54 0.36 0.79 0.16 0.4 ]
38 : [0.6  0.13 0.73 0.2  0.33]
39 : [0.51 0.71 0.39 0.29 0.1 ]
40 : [0.35 0.82 0.37 0.37 0.14]
41 : [0.53 0.67 0.39 0.27 0.1 ]
42 : [0.44 0.77 0.4  0.35 0.21]
43 : [0.57 0.76 0.39 0.37 0.17]
44 : [0.41 0.81 0.45 0.47 0.1 ]
45 : [0.43 0.78 0.38 0.31 0.11]
46 : [0.52 0.78 0.39 0.33 0.13]
47 : [0.5  0.74 0.43 0.31 0.13]
48 : [0.37 1.   0.36 0.34 0.21]
49 : [0.75 0.48 0.43 0.8  0.45]
50 : [0.69 0.51 0.45 0.86 0.48]
51 : [0.71 0.52 0.43 0.81 0.41]
52 : [0.82 0.47 0.45 0.85 0.44]
53 : [0.86 0.47 0.3  0.73 0.46]
54 : [0.75 0.51 0.51 0.89 0.49]
55 : [0.67 0.46 0.63 0.95 0.5 ]
56 : [0.76 0.49 0.44 0.81 0.42]
57 : [0.75 0.51 0.39 0.79 0.45]
58 : [0.67 0.51 0.45 0.89 0.46]
--------------------------

Epoch : 60
--------------------------
Node ----- Embedding -----

 0 : [0.07 0.17 0.42 0.69 0.28]
 1 : [0.05 0.22 0.36 0.66 0.26]
 2 : [0.06 0.26 0.43 0.67 0.34]
 3 : [0.1  0.2  0.44 0.71 0.31]
 4 : [0.13 0.13 0.41 0.66 0.3 ]
 5 : [0.05 0.16 0.4  0.71 0.47]
 6 : [0.25 0.1  0.39 0.61 0.26]
 7 : [0.1  0.19 0.44 0.65 0.29]
 8 : [0.09 0.22 0.36 0.68 0.31]
 9 : [0.08 0.14 0.38 0.7  0.28]
10 : [0.23 0.69 0.78 0.54 0.92]
11 : [0.48 0.69 0.78 0.49 0.92]
12 : [0.25 0.69 0.78 0.53 0.91]
13 : [0.29 0.73 0.77 0.49 0.89]
14 : [0.27 0.62 0.77 0.47 0.91]
15 : [0.25 0.62 0.8  0.51 0.91]
16 : [0.29 0.68 0.75 0.52 0.9 ]
17 : [0.28 0.66 0.78 0.47 0.87]
18 : [0.23 0.73 0.79 0.46 0.92]
19 : [0.63 0.39 0.   0.28 0.75]
20 : [0.61 0.39 0.08 0.28 0.8 ]
21 : [0.61 0.42 0.09 0.31 0.74]
22 : [0.61 0.4  0.05 0.34 0.77]
23 : [0.63 0.4  0.06 0.28 0.81]
24 : [0.59 0.41 0.06 0.34 0.75]
25 : [0.57 0.41 0.07 0.28 0.78]
26 : [0.61 0.43 0.07 0.28 0.77]
27 : [0.6  0.43 0.06 0.25 0.74]
28 : [0.51 0.45 0.06 0.29 0.77]
29 : [0.7  0.23 0.83 0.2  0.37]
30 : [0.71 0.27 0.84 0.17 0.35]
31 : [0.68 0.28 0.83 0.21 0.4 ]
32 : [0.67 0.28 0.85 0.29 0.38]
33 : [0.69 0.3  0.79 0.15 0.4 ]
34 : [0.71 0.25 0.83 0.22 0.35]
35 : [0.67 0.29 0.84 0.21 0.4 ]
36 : [0.69 0.35 0.83 0.19 0.35]
37 : [0.73 0.27 0.88 0.13 0.37]
38 : [0.7  0.18 0.83 0.2  0.35]
39 : [0.48 0.88 0.41 0.36 0.12]
40 : [0.43 0.92 0.41 0.42 0.15]
41 : [0.45 0.86 0.38 0.36 0.1 ]
42 : [0.43 0.93 0.38 0.37 0.19]
43 : [0.49 0.88 0.42 0.39 0.18]
44 : [0.42 0.96 0.41 0.42 0.13]
45 : [0.42 0.87 0.37 0.37 0.19]
46 : [0.47 0.9  0.4  0.39 0.18]
47 : [0.46 0.88 0.43 0.39 0.2 ]
48 : [0.4  0.98 0.4  0.41 0.21]
49 : [0.89 0.54 0.49 0.98 0.51]
50 : [0.86 0.52 0.49 0.97 0.53]
51 : [0.84 0.49 0.53 0.95 0.53]
52 : [0.84 0.51 0.56 0.98 0.52]
53 : [0.87 0.48 0.46 0.91 0.52]
54 : [0.82 0.55 0.54 0.91 0.5 ]
55 : [0.79 0.51 0.62 1.   0.52]
56 : [0.87 0.5  0.54 0.98 0.48]
57 : [0.82 0.52 0.5  0.94 0.52]
58 : [0.83 0.52 0.51 0.97 0.5 ]
--------------------------

Epoch : 80
--------------------------
Node ----- Embedding -----

 0 : [0.06 0.17 0.38 0.69 0.28]
 1 : [0.05 0.16 0.4  0.69 0.32]
 2 : [0.01 0.15 0.39 0.7  0.31]
 3 : [0.06 0.16 0.44 0.68 0.3 ]
 4 : [0.06 0.13 0.4  0.7  0.26]
 5 : [0.01 0.13 0.41 0.7  0.36]
 6 : [0.14 0.15 0.39 0.67 0.31]
 7 : [0.05 0.12 0.42 0.69 0.26]
 8 : [0.06 0.18 0.39 0.71 0.3 ]
 9 : [0.07 0.18 0.41 0.67 0.3 ]
10 : [0.22 0.72 0.82 0.52 0.96]
11 : [0.31 0.7  0.81 0.51 0.99]
12 : [0.27 0.72 0.78 0.52 0.91]
13 : [0.26 0.71 0.78 0.52 0.93]
14 : [0.26 0.7  0.8  0.48 0.93]
15 : [0.25 0.7  0.79 0.46 0.91]
16 : [0.24 0.72 0.8  0.55 0.92]
17 : [0.2  0.69 0.84 0.46 0.94]
18 : [0.23 0.69 0.78 0.47 0.9 ]
19 : [0.65 0.43 0.05 0.28 0.75]
20 : [0.59 0.42 0.04 0.28 0.78]
21 : [0.63 0.39 0.03 0.26 0.75]
22 : [0.63 0.41 0.02 0.29 0.76]
23 : [0.67 0.36 0.03 0.28 0.78]
24 : [0.63 0.39 0.   0.23 0.76]
25 : [0.59 0.42 0.01 0.3  0.78]
26 : [0.57 0.4  0.01 0.26 0.74]
27 : [0.64 0.38 0.02 0.24 0.78]
28 : [0.61 0.39 0.02 0.27 0.77]
29 : [0.7  0.28 0.84 0.17 0.34]
30 : [0.74 0.25 0.89 0.17 0.34]
31 : [0.66 0.19 0.84 0.16 0.34]
32 : [0.71 0.24 0.87 0.2  0.34]
33 : [0.75 0.25 0.84 0.13 0.37]
34 : [0.73 0.19 0.86 0.16 0.36]
35 : [0.72 0.24 0.85 0.18 0.35]
36 : [0.75 0.24 0.86 0.13 0.34]
37 : [0.68 0.27 0.84 0.17 0.34]
38 : [0.74 0.18 0.86 0.14 0.33]
39 : [0.43 0.94 0.38 0.36 0.1 ]
40 : [0.44 0.95 0.38 0.34 0.12]
41 : [0.38 0.94 0.37 0.37 0.09]
42 : [0.43 0.92 0.4  0.38 0.14]
43 : [0.45 0.98 0.38 0.38 0.11]
44 : [0.45 0.96 0.41 0.38 0.15]
45 : [0.42 0.91 0.38 0.37 0.13]
46 : [0.44 0.96 0.34 0.39 0.12]
47 : [0.43 0.94 0.38 0.38 0.12]
48 : [0.41 0.99 0.4  0.33 0.13]
49 : [0.85 0.51 0.52 1.   0.54]
50 : [0.87 0.5  0.53 1.   0.49]
51 : [0.86 0.51 0.51 0.96 0.5 ]
52 : [0.83 0.51 0.5  0.96 0.5 ]
53 : [0.85 0.51 0.49 0.94 0.52]
54 : [0.89 0.54 0.53 0.98 0.45]
55 : [0.83 0.49 0.53 0.99 0.52]
56 : [0.85 0.49 0.53 0.97 0.51]
57 : [0.87 0.49 0.5  0.98 0.51]
58 : [0.85 0.52 0.54 0.99 0.48]
--------------------------

Epoch : 100
--------------------------
Node ----- Embedding -----

 0 : [0.08 0.17 0.37 0.7  0.29]
 1 : [0.06 0.14 0.39 0.73 0.3 ]
 2 : [0.05 0.16 0.41 0.72 0.28]
 3 : [0.11 0.19 0.42 0.63 0.33]
 4 : [0.03 0.12 0.4  0.68 0.3 ]
 5 : [0.03 0.17 0.38 0.67 0.35]
 6 : [0.08 0.12 0.38 0.66 0.3 ]
 7 : [0.08 0.13 0.36 0.66 0.31]
 8 : [0.01 0.15 0.38 0.66 0.29]
 9 : [0.02 0.12 0.39 0.67 0.32]
10 : [0.25 0.68 0.76 0.52 0.91]
11 : [0.27 0.7  0.79 0.52 0.93]
12 : [0.25 0.7  0.78 0.49 0.93]
13 : [0.24 0.69 0.78 0.51 0.91]
14 : [0.29 0.7  0.79 0.48 0.85]
15 : [0.23 0.7  0.81 0.47 0.94]
16 : [0.28 0.66 0.72 0.49 0.86]
17 : [0.18 0.69 0.79 0.48 0.93]
18 : [0.21 0.68 0.77 0.47 0.87]
19 : [0.62 0.41 0.01 0.3  0.74]
20 : [0.58 0.38 0.05 0.31 0.74]
21 : [0.61 0.38 0.02 0.27 0.78]
22 : [0.61 0.36 0.03 0.21 0.78]
23 : [0.61 0.39 0.01 0.24 0.76]
24 : [0.58 0.38 0.06 0.33 0.69]
25 : [0.58 0.41 0.01 0.26 0.73]
26 : [0.6  0.37 0.   0.24 0.75]
27 : [0.6  0.45 0.04 0.27 0.73]
28 : [0.61 0.39 0.01 0.27 0.77]
29 : [0.7  0.22 0.85 0.16 0.36]
30 : [0.7  0.25 0.83 0.15 0.33]
31 : [0.7  0.18 0.84 0.15 0.32]
32 : [0.7  0.26 0.87 0.15 0.36]
33 : [0.7  0.26 0.85 0.16 0.35]
34 : [0.74 0.2  0.84 0.15 0.32]
35 : [0.73 0.23 0.81 0.16 0.31]
36 : [0.7  0.26 0.81 0.16 0.31]
37 : [0.69 0.25 0.83 0.14 0.32]
38 : [0.71 0.21 0.84 0.16 0.3 ]
39 : [0.44 0.94 0.35 0.32 0.12]
40 : [0.44 0.93 0.38 0.36 0.09]
41 : [0.4  0.94 0.39 0.35 0.12]
42 : [0.43 0.96 0.4  0.34 0.07]
43 : [0.46 0.92 0.38 0.38 0.14]
44 : [0.41 0.92 0.43 0.34 0.09]
45 : [0.42 0.97 0.37 0.34 0.08]
46 : [0.44 0.98 0.38 0.31 0.13]
47 : [0.45 0.93 0.37 0.34 0.13]
48 : [0.42 0.96 0.37 0.37 0.15]
49 : [0.83 0.55 0.5  0.95 0.49]
50 : [0.85 0.47 0.49 0.93 0.49]
51 : [0.82 0.53 0.5  0.96 0.46]
52 : [0.84 0.52 0.5  1.   0.5 ]
53 : [0.84 0.53 0.49 0.92 0.44]
54 : [0.85 0.47 0.49 0.99 0.53]
55 : [0.83 0.5  0.52 0.96 0.47]
56 : [0.84 0.52 0.49 0.95 0.5 ]
57 : [0.85 0.5  0.52 0.97 0.53]
58 : [0.84 0.47 0.52 0.95 0.48]
--------------------------

Epoch : 120
--------------------------
Node ----- Embedding -----

 0 : [0.06 0.18 0.41 0.7  0.31]
 1 : [0.09 0.17 0.45 0.68 0.31]
 2 : [0.09 0.17 0.45 0.7  0.32]
 3 : [0.09 0.18 0.39 0.65 0.35]
 4 : [0.1  0.18 0.43 0.66 0.3 ]
 5 : [0.09 0.17 0.39 0.68 0.34]
 6 : [0.04 0.12 0.38 0.71 0.3 ]
 7 : [0.08 0.17 0.4  0.72 0.29]
 8 : [0.03 0.15 0.43 0.68 0.32]
 9 : [0.06 0.17 0.42 0.69 0.32]
10 : [0.25 0.76 0.77 0.51 0.93]
11 : [0.29 0.71 0.77 0.55 0.96]
12 : [0.24 0.75 0.82 0.47 0.96]
13 : [0.23 0.71 0.82 0.49 0.96]
14 : [0.28 0.71 0.82 0.5  0.89]
15 : [0.2  0.75 0.84 0.49 0.94]
16 : [0.3  0.71 0.74 0.51 0.86]
17 : [0.25 0.75 0.81 0.53 0.98]
18 : [0.27 0.68 0.76 0.54 0.92]
19 : [0.66 0.43 0.   0.31 0.8 ]
20 : [0.63 0.38 0.05 0.26 0.77]
21 : [0.64 0.4  0.05 0.32 0.73]
22 : [0.59 0.42 0.09 0.3  0.76]
23 : [0.62 0.45 0.06 0.29 0.75]
24 : [0.6  0.38 0.02 0.24 0.76]
25 : [0.65 0.36 0.01 0.26 0.82]
26 : [0.64 0.42 0.06 0.28 0.8 ]
27 : [0.61 0.43 0.03 0.24 0.77]
28 : [0.59 0.45 0.07 0.28 0.77]
29 : [0.71 0.24 0.86 0.19 0.38]
30 : [0.71 0.27 0.84 0.2  0.38]
31 : [0.7  0.27 0.85 0.19 0.34]
32 : [0.72 0.27 0.8  0.22 0.36]
33 : [0.71 0.26 0.81 0.19 0.31]
34 : [0.71 0.22 0.83 0.19 0.38]
35 : [0.75 0.25 0.88 0.17 0.37]
36 : [0.69 0.28 0.81 0.19 0.36]
37 : [0.77 0.21 0.87 0.18 0.33]
38 : [0.71 0.21 0.82 0.19 0.34]
39 : [0.47 0.99 0.38 0.39 0.13]
40 : [0.47 0.92 0.44 0.36 0.17]
41 : [0.41 0.95 0.38 0.38 0.16]
42 : [0.47 0.94 0.42 0.4  0.14]
43 : [0.42 0.93 0.36 0.39 0.19]
44 : [0.43 0.97 0.39 0.41 0.11]
45 : [0.45 0.97 0.41 0.43 0.16]
46 : [0.42 0.99 0.42 0.4  0.15]
47 : [0.43 0.94 0.36 0.37 0.1 ]
48 : [0.47 0.96 0.4  0.39 0.15]
49 : [0.84 0.53 0.51 0.97 0.49]
50 : [0.91 0.56 0.55 0.99 0.52]
51 : [0.86 0.53 0.54 0.97 0.51]
52 : [0.86 0.53 0.51 0.99 0.46]
53 : [0.86 0.51 0.53 0.96 0.49]
54 : [0.87 0.54 0.54 0.96 0.5 ]
55 : [0.88 0.53 0.54 0.95 0.53]
56 : [0.9  0.52 0.51 1.   0.51]
57 : [0.83 0.52 0.51 0.98 0.5 ]
58 : [0.88 0.55 0.49 0.99 0.5 ]
--------------------------

Epoch : 140
--------------------------
Node ----- Embedding -----

 0 : [0.04 0.17 0.4  0.7  0.29]
 1 : [0.03 0.13 0.35 0.68 0.27]
 2 : [0.03 0.14 0.41 0.67 0.29]
 3 : [0.09 0.17 0.42 0.64 0.32]
 4 : [0.05 0.14 0.43 0.7  0.32]
 5 : [0.05 0.16 0.39 0.65 0.3 ]
 6 : [0.06 0.13 0.38 0.62 0.27]
 7 : [0.08 0.18 0.39 0.64 0.35]
 8 : [0.06 0.13 0.37 0.66 0.3 ]
 9 : [0.1  0.19 0.38 0.68 0.36]
10 : [0.27 0.72 0.78 0.48 0.88]
11 : [0.24 0.66 0.74 0.45 0.94]
12 : [0.21 0.71 0.77 0.49 0.95]
13 : [0.23 0.7  0.73 0.5  0.89]
14 : [0.24 0.7  0.8  0.5  0.88]
15 : [0.26 0.68 0.8  0.46 0.92]
16 : [0.22 0.69 0.79 0.5  0.89]
17 : [0.26 0.71 0.75 0.46 0.9 ]
18 : [0.24 0.7  0.75 0.48 0.92]
19 : [0.6  0.41 0.01 0.26 0.77]
20 : [0.56 0.37 0.03 0.24 0.75]
21 : [0.65 0.38 0.04 0.23 0.75]
22 : [0.64 0.33 0.02 0.28 0.74]
23 : [0.58 0.39 0.02 0.27 0.76]
24 : [0.61 0.36 0.   0.27 0.75]
25 : [0.62 0.37 0.   0.24 0.73]
26 : [0.58 0.4  0.06 0.24 0.76]
27 : [0.6  0.42 0.07 0.31 0.76]
28 : [0.6  0.37 0.06 0.22 0.78]
29 : [0.74 0.24 0.81 0.15 0.36]
30 : [0.69 0.23 0.78 0.2  0.33]
31 : [0.67 0.28 0.8  0.17 0.36]
32 : [0.7  0.22 0.82 0.18 0.31]
33 : [0.66 0.25 0.79 0.16 0.34]
34 : [0.68 0.24 0.83 0.16 0.33]
35 : [0.67 0.24 0.8  0.19 0.33]
36 : [0.7  0.27 0.82 0.18 0.4 ]
37 : [0.71 0.23 0.8  0.17 0.35]
38 : [0.68 0.23 0.8  0.11 0.35]
39 : [0.44 0.9  0.36 0.37 0.15]
40 : [0.37 0.93 0.39 0.34 0.15]
41 : [0.48 0.96 0.36 0.36 0.11]
42 : [0.44 0.91 0.4  0.38 0.14]
43 : [0.42 0.95 0.35 0.34 0.12]
44 : [0.47 0.93 0.41 0.37 0.09]
45 : [0.43 0.94 0.39 0.4  0.13]
46 : [0.39 0.92 0.38 0.35 0.14]
47 : [0.43 0.94 0.35 0.36 0.09]
48 : [0.44 0.91 0.43 0.36 0.09]
49 : [0.84 0.48 0.51 0.94 0.47]
50 : [0.86 0.52 0.47 0.98 0.51]
51 : [0.84 0.49 0.49 0.96 0.51]
52 : [0.81 0.5  0.48 0.96 0.49]
53 : [0.85 0.5  0.52 0.91 0.48]
54 : [0.84 0.51 0.45 0.92 0.49]
55 : [0.79 0.52 0.49 0.9  0.49]
56 : [0.8  0.55 0.51 0.94 0.46]
57 : [0.86 0.54 0.54 1.   0.49]
58 : [0.86 0.52 0.51 0.94 0.48]
--------------------------

Epoch : 160
--------------------------
Node ----- Embedding -----

 0 : [0.03 0.14 0.41 0.7  0.33]
 1 : [0.07 0.13 0.4  0.73 0.33]
 2 : [0.07 0.15 0.4  0.69 0.33]
 3 : [0.05 0.16 0.42 0.69 0.3 ]
 4 : [0.07 0.18 0.4  0.69 0.31]
 5 : [0.06 0.18 0.41 0.67 0.29]
 6 : [0.08 0.18 0.4  0.67 0.33]
 7 : [0.09 0.18 0.43 0.65 0.37]
 8 : [0.08 0.2  0.45 0.7  0.28]
 9 : [0.11 0.16 0.43 0.66 0.33]
10 : [0.25 0.71 0.83 0.47 0.95]
11 : [0.26 0.72 0.81 0.51 0.92]
12 : [0.27 0.73 0.75 0.49 0.89]
13 : [0.26 0.73 0.77 0.51 0.93]
14 : [0.24 0.69 0.78 0.49 0.91]
15 : [0.25 0.7  0.78 0.5  0.92]
16 : [0.22 0.69 0.79 0.49 0.92]
17 : [0.26 0.71 0.81 0.47 0.93]
18 : [0.22 0.72 0.8  0.52 0.94]
19 : [0.63 0.39 0.   0.27 0.8 ]
20 : [0.6  0.43 0.05 0.3  0.76]
21 : [0.57 0.41 0.05 0.29 0.73]
22 : [0.61 0.38 0.04 0.3  0.73]
23 : [0.61 0.41 0.   0.22 0.77]
24 : [0.64 0.36 0.03 0.28 0.76]
25 : [0.59 0.42 0.04 0.26 0.79]
26 : [0.62 0.41 0.07 0.28 0.77]
27 : [0.61 0.4  0.03 0.28 0.81]
28 : [0.63 0.36 0.06 0.24 0.79]
29 : [0.76 0.21 0.87 0.12 0.37]
30 : [0.68 0.27 0.79 0.18 0.34]
31 : [0.69 0.25 0.85 0.17 0.32]
32 : [0.72 0.25 0.83 0.21 0.36]
33 : [0.75 0.21 0.89 0.14 0.38]
34 : [0.68 0.26 0.83 0.2  0.35]
35 : [0.64 0.28 0.82 0.17 0.37]
36 : [0.71 0.24 0.84 0.17 0.3 ]
37 : [0.72 0.23 0.86 0.16 0.38]
38 : [0.73 0.24 0.83 0.18 0.35]
39 : [0.45 0.93 0.41 0.36 0.15]
40 : [0.45 0.93 0.38 0.39 0.17]
41 : [0.44 0.95 0.39 0.38 0.17]
42 : [0.42 0.93 0.41 0.39 0.15]
43 : [0.46 0.94 0.4  0.37 0.14]
44 : [0.45 0.91 0.42 0.4  0.16]
45 : [0.44 0.96 0.37 0.38 0.11]
46 : [0.4  0.96 0.39 0.37 0.13]
47 : [0.41 0.97 0.36 0.35 0.1 ]
48 : [0.44 0.94 0.43 0.37 0.13]
49 : [0.9  0.55 0.55 1.   0.51]
50 : [0.83 0.53 0.53 0.96 0.5 ]
51 : [0.87 0.53 0.51 0.97 0.52]
52 : [0.83 0.53 0.51 0.97 0.47]
53 : [0.84 0.52 0.55 0.92 0.52]
54 : [0.86 0.52 0.52 1.   0.54]
55 : [0.87 0.51 0.49 0.94 0.47]
56 : [0.83 0.5  0.48 0.96 0.51]
57 : [0.81 0.53 0.5  0.96 0.49]
58 : [0.83 0.48 0.54 0.97 0.49]
--------------------------

Epoch : 180
--------------------------
Node ----- Embedding -----

 0 : [0.16 0.21 0.41 0.66 0.38]
 1 : [0.1  0.17 0.42 0.7  0.33]
 2 : [0.09 0.18 0.39 0.71 0.3 ]
 3 : [0.08 0.16 0.41 0.66 0.3 ]
 4 : [0.09 0.2  0.43 0.68 0.35]
 5 : [0.05 0.17 0.41 0.68 0.34]
 6 : [0.1  0.21 0.47 0.68 0.34]
 7 : [0.12 0.18 0.42 0.64 0.32]
 8 : [0.1  0.18 0.39 0.7  0.28]
 9 : [0.12 0.19 0.44 0.69 0.31]
10 : [0.27 0.68 0.79 0.53 0.93]
11 : [0.28 0.71 0.77 0.51 0.87]
12 : [0.27 0.73 0.77 0.49 0.9 ]
13 : [0.28 0.75 0.76 0.48 0.9 ]
14 : [0.26 0.69 0.73 0.52 0.87]
15 : [0.25 0.69 0.78 0.5  0.92]
16 : [0.27 0.72 0.83 0.49 0.94]
17 : [0.26 0.71 0.84 0.5  0.92]
18 : [0.26 0.72 0.76 0.53 0.9 ]
19 : [0.6  0.42 0.09 0.31 0.75]
20 : [0.61 0.37 0.08 0.27 0.74]
21 : [0.61 0.41 0.   0.28 0.77]
22 : [0.61 0.42 0.07 0.31 0.7 ]
23 : [0.59 0.42 0.1  0.27 0.74]
24 : [0.65 0.39 0.05 0.29 0.74]
25 : [0.63 0.41 0.04 0.29 0.76]
26 : [0.59 0.4  0.07 0.29 0.75]
27 : [0.57 0.44 0.09 0.31 0.78]
28 : [0.61 0.43 0.1  0.3  0.74]
29 : [0.67 0.27 0.84 0.16 0.37]
30 : [0.71 0.27 0.81 0.26 0.31]
31 : [0.67 0.25 0.83 0.19 0.34]
32 : [0.69 0.27 0.86 0.2  0.38]
33 : [0.75 0.23 0.83 0.13 0.38]
34 : [0.72 0.24 0.81 0.16 0.33]
35 : [0.71 0.27 0.81 0.18 0.38]
36 : [0.71 0.24 0.83 0.21 0.36]
37 : [0.72 0.25 0.81 0.18 0.38]
38 : [0.68 0.3  0.77 0.24 0.37]
39 : [0.46 0.93 0.37 0.36 0.18]
40 : [0.43 0.9  0.38 0.39 0.17]
41 : [0.46 0.9  0.4  0.37 0.19]
42 : [0.45 0.92 0.45 0.4  0.16]
43 : [0.43 0.92 0.37 0.34 0.18]
44 : [0.45 0.89 0.42 0.37 0.17]
45 : [0.45 0.93 0.38 0.38 0.17]
46 : [0.42 0.9  0.39 0.39 0.17]
47 : [0.45 0.94 0.41 0.38 0.17]
48 : [0.41 0.92 0.43 0.41 0.14]
49 : [0.87 0.51 0.53 0.95 0.53]
50 : [0.86 0.54 0.53 1.   0.53]
51 : [0.83 0.53 0.52 0.94 0.5 ]
52 : [0.79 0.51 0.52 0.95 0.54]
53 : [0.84 0.51 0.5  0.93 0.53]
54 : [0.83 0.5  0.55 0.99 0.49]
55 : [0.85 0.49 0.47 0.98 0.54]
56 : [0.85 0.49 0.55 0.93 0.52]
57 : [0.81 0.51 0.51 0.94 0.48]
58 : [0.86 0.52 0.54 0.94 0.51]
--------------------------

Epoch : 200
--------------------------
Node ----- Embedding -----

 0 : [0.1  0.16 0.35 0.64 0.32]
 1 : [0.07 0.14 0.42 0.68 0.33]
 2 : [0.04 0.16 0.39 0.71 0.28]
 3 : [0.07 0.14 0.37 0.7  0.3 ]
 4 : [0.03 0.21 0.4  0.69 0.29]
 5 : [0.07 0.18 0.42 0.63 0.33]
 6 : [0.04 0.16 0.42 0.69 0.25]
 7 : [0.09 0.18 0.42 0.67 0.28]
 8 : [0.14 0.2  0.42 0.61 0.35]
 9 : [0.05 0.15 0.41 0.68 0.3 ]
10 : [0.22 0.76 0.81 0.54 0.92]
11 : [0.25 0.73 0.79 0.45 0.91]
12 : [0.3  0.75 0.79 0.45 0.94]
13 : [0.2  0.73 0.83 0.49 0.98]
14 : [0.24 0.67 0.77 0.48 0.93]
15 : [0.25 0.75 0.78 0.46 0.95]
16 : [0.25 0.69 0.79 0.46 0.91]
17 : [0.28 0.68 0.81 0.53 0.93]
18 : [0.24 0.7  0.73 0.5  0.91]
19 : [0.63 0.39 0.03 0.26 0.76]
20 : [0.55 0.41 0.06 0.26 0.73]
21 : [0.61 0.39 0.   0.29 0.75]
22 : [0.62 0.39 0.03 0.27 0.8 ]
23 : [0.6  0.39 0.05 0.25 0.78]
24 : [0.57 0.37 0.04 0.28 0.75]
25 : [0.58 0.38 0.04 0.23 0.83]
26 : [0.6  0.43 0.03 0.28 0.73]
27 : [0.62 0.38 0.04 0.23 0.78]
28 : [0.64 0.35 0.02 0.25 0.77]
29 : [0.7  0.26 0.83 0.18 0.38]
30 : [0.7  0.25 0.79 0.18 0.37]
31 : [0.63 0.28 0.78 0.17 0.33]
32 : [0.72 0.24 0.83 0.16 0.36]
33 : [0.72 0.23 0.83 0.15 0.34]
34 : [0.69 0.25 0.81 0.16 0.33]
35 : [0.72 0.25 0.83 0.14 0.34]
36 : [0.7  0.2  0.84 0.14 0.37]
37 : [0.71 0.23 0.84 0.2  0.35]
38 : [0.7  0.29 0.82 0.22 0.38]
39 : [0.38 0.92 0.39 0.39 0.12]
40 : [0.42 0.94 0.37 0.36 0.13]
41 : [0.44 0.95 0.41 0.39 0.14]
42 : [0.42 0.92 0.38 0.37 0.1 ]
43 : [0.4  0.95 0.39 0.35 0.11]
44 : [0.42 0.94 0.43 0.37 0.13]
45 : [0.43 0.96 0.39 0.36 0.13]
46 : [0.4  0.91 0.38 0.39 0.13]
47 : [0.46 0.93 0.38 0.34 0.16]
48 : [0.44 0.93 0.37 0.37 0.17]
49 : [0.85 0.52 0.52 0.93 0.47]
50 : [0.84 0.51 0.51 0.96 0.51]
51 : [0.81 0.53 0.53 0.97 0.53]
52 : [0.82 0.51 0.49 0.94 0.51]
53 : [0.84 0.57 0.49 0.93 0.52]
54 : [0.85 0.5  0.52 0.98 0.5 ]
55 : [0.86 0.52 0.54 0.98 0.56]
56 : [0.81 0.51 0.52 0.92 0.46]
57 : [0.87 0.52 0.53 1.   0.48]
58 : [0.85 0.52 0.53 0.95 0.47]
--------------------------

Epoch : 220
--------------------------
Node ----- Embedding -----

 0 : [0.12 0.16 0.42 0.7  0.3 ]
 1 : [0.08 0.17 0.44 0.69 0.33]
 2 : [0.07 0.19 0.42 0.66 0.3 ]
 3 : [0.06 0.15 0.43 0.66 0.32]
 4 : [0.06 0.17 0.44 0.66 0.29]
 5 : [0.08 0.19 0.43 0.64 0.3 ]
 6 : [0.1  0.18 0.4  0.65 0.35]
 7 : [0.07 0.17 0.4  0.67 0.31]
 8 : [0.07 0.19 0.41 0.69 0.29]
 9 : [0.07 0.14 0.38 0.65 0.28]
10 : [0.25 0.7  0.81 0.5  0.89]
11 : [0.23 0.71 0.78 0.51 0.94]
12 : [0.24 0.71 0.8  0.46 0.94]
13 : [0.28 0.67 0.79 0.51 0.93]
14 : [0.28 0.7  0.76 0.49 0.9 ]
15 : [0.25 0.74 0.77 0.5  0.94]
16 : [0.28 0.75 0.78 0.44 0.86]
17 : [0.24 0.68 0.72 0.46 0.91]
18 : [0.24 0.72 0.81 0.44 0.93]
19 : [0.63 0.36 0.03 0.27 0.78]
20 : [0.58 0.42 0.06 0.28 0.75]
21 : [0.63 0.39 0.   0.25 0.79]
22 : [0.58 0.44 0.02 0.27 0.82]
23 : [0.61 0.38 0.06 0.24 0.74]
24 : [0.64 0.38 0.03 0.29 0.74]
25 : [0.57 0.38 0.07 0.28 0.77]
26 : [0.58 0.41 0.07 0.27 0.75]
27 : [0.61 0.37 0.01 0.29 0.75]
28 : [0.6  0.41 0.01 0.26 0.76]
29 : [0.71 0.22 0.83 0.16 0.33]
30 : [0.69 0.21 0.84 0.15 0.35]
31 : [0.69 0.28 0.84 0.18 0.35]
32 : [0.72 0.21 0.79 0.16 0.38]
33 : [0.69 0.26 0.84 0.14 0.35]
34 : [0.67 0.24 0.8  0.19 0.3 ]
35 : [0.69 0.23 0.79 0.15 0.34]
36 : [0.67 0.3  0.84 0.22 0.39]
37 : [0.71 0.25 0.79 0.23 0.31]
38 : [0.73 0.23 0.88 0.15 0.32]
39 : [0.42 0.93 0.39 0.36 0.14]
40 : [0.43 0.93 0.39 0.37 0.15]
41 : [0.44 0.93 0.43 0.38 0.12]
42 : [0.45 0.94 0.4  0.32 0.13]
43 : [0.37 0.93 0.42 0.38 0.16]
44 : [0.4  0.97 0.43 0.37 0.13]
45 : [0.46 0.92 0.37 0.36 0.13]
46 : [0.42 0.91 0.38 0.37 0.16]
47 : [0.44 0.92 0.39 0.38 0.16]
48 : [0.4  0.93 0.4  0.4  0.14]
49 : [0.86 0.53 0.51 0.96 0.46]
50 : [0.9  0.5  0.53 0.96 0.49]
51 : [0.84 0.53 0.52 0.92 0.47]
52 : [0.82 0.51 0.51 0.97 0.51]
53 : [0.85 0.57 0.49 0.98 0.52]
54 : [0.88 0.47 0.49 1.   0.53]
55 : [0.83 0.52 0.56 0.96 0.5 ]
56 : [0.84 0.52 0.52 0.97 0.48]
57 : [0.84 0.45 0.53 0.97 0.49]
58 : [0.85 0.56 0.52 0.96 0.49]
--------------------------

Epoch : 240
--------------------------
Node ----- Embedding -----

 0 : [0.13 0.16 0.4  0.65 0.3 ]
 1 : [0.04 0.12 0.39 0.66 0.29]
 2 : [0.08 0.17 0.41 0.68 0.31]
 3 : [0.04 0.16 0.39 0.65 0.28]
 4 : [0.07 0.16 0.38 0.65 0.33]
 5 : [0.06 0.12 0.36 0.7  0.28]
 6 : [0.05 0.16 0.41 0.67 0.28]
 7 : [0.05 0.18 0.42 0.64 0.29]
 8 : [0.03 0.17 0.39 0.63 0.33]
 9 : [0.11 0.21 0.38 0.65 0.34]
10 : [0.27 0.68 0.76 0.44 0.87]
11 : [0.23 0.72 0.77 0.45 0.91]
12 : [0.23 0.65 0.76 0.47 0.92]
13 : [0.24 0.67 0.75 0.49 0.91]
14 : [0.19 0.71 0.77 0.47 0.9 ]
15 : [0.26 0.67 0.75 0.43 0.85]
16 : [0.26 0.71 0.77 0.43 0.85]
17 : [0.29 0.67 0.69 0.49 0.83]
18 : [0.24 0.66 0.76 0.48 0.88]
19 : [0.64 0.39 0.03 0.23 0.71]
20 : [0.57 0.38 0.01 0.25 0.72]
21 : [0.6  0.37 0.03 0.25 0.7 ]
22 : [0.57 0.36 0.02 0.25 0.78]
23 : [0.58 0.43 0.07 0.24 0.71]
24 : [0.58 0.37 0.01 0.24 0.77]
25 : [0.58 0.39 0.06 0.28 0.7 ]
26 : [0.61 0.4  0.   0.28 0.78]
27 : [0.54 0.34 0.04 0.26 0.69]
28 : [0.55 0.34 0.03 0.26 0.74]
29 : [0.68 0.2  0.82 0.13 0.33]
30 : [0.68 0.25 0.8  0.16 0.36]
31 : [0.69 0.21 0.83 0.17 0.34]
32 : [0.71 0.2  0.83 0.12 0.34]
33 : [0.7  0.22 0.8  0.15 0.37]
34 : [0.67 0.24 0.81 0.14 0.32]
35 : [0.73 0.22 0.83 0.14 0.32]
36 : [0.7  0.19 0.8  0.17 0.32]
37 : [0.72 0.24 0.8  0.15 0.3 ]
38 : [0.69 0.22 0.8  0.15 0.33]
39 : [0.41 0.91 0.38 0.4  0.16]
40 : [0.39 0.94 0.36 0.33 0.12]
41 : [0.42 0.93 0.34 0.36 0.09]
42 : [0.4  0.88 0.37 0.33 0.11]
43 : [0.41 0.93 0.37 0.33 0.14]
44 : [0.41 0.93 0.37 0.36 0.13]
45 : [0.39 0.95 0.4  0.32 0.13]
46 : [0.42 0.88 0.39 0.37 0.17]
47 : [0.39 0.89 0.36 0.31 0.14]
48 : [0.42 0.93 0.39 0.36 0.11]
49 : [0.82 0.55 0.53 0.97 0.51]
50 : [0.83 0.48 0.52 0.96 0.49]
51 : [0.84 0.44 0.52 0.93 0.46]
52 : [0.83 0.49 0.54 0.96 0.45]
53 : [0.82 0.48 0.49 0.93 0.45]
54 : [0.84 0.5  0.49 0.93 0.5 ]
55 : [0.85 0.46 0.49 1.   0.43]
56 : [0.82 0.5  0.48 0.91 0.46]
57 : [0.8  0.47 0.48 0.94 0.5 ]
58 : [0.84 0.51 0.51 0.92 0.48]
--------------------------

