Linux 6.8.0-60-generic (luna) 	07/02/2025 	_x86_64_	(224 CPU)

12:42:19 PM  CPU    %usr   %nice    %sys %iowait    %irq   %soft  %steal  %guest  %gnice   %idle
12:42:19 PM  all    5.95    0.00    0.09    0.00    0.00    0.00    0.00    0.00    0.00   93.95
12:42:19 PM    0    7.88    0.00    0.25    0.00    0.00    0.38    0.00    0.00    0.00   91.49
12:42:19 PM    1   26.78    0.00    0.60    0.00    0.00    0.01    0.00    0.00    0.00   72.61
12:42:19 PM    2    7.69    0.00    0.25    0.00    0.00    0.01    0.00    0.00    0.00   92.05
12:42:19 PM    3   11.67    0.00    0.29    0.00    0.00    0.00    0.00    0.00    0.00   88.04
12:42:19 PM    4    6.97    0.00    0.20    0.00    0.00    0.00    0.00    0.00    0.00   92.84
12:42:19 PM    5    8.65    0.00    0.21    0.00    0.00    0.00    0.00    0.00    0.00   91.14
12:42:19 PM    6    6.42    0.00    0.18    0.00    0.00    0.00    0.00    0.00    0.00   93.40
12:42:19 PM    7    7.47    0.00    0.15    0.00    0.00    0.00    0.00    0.00    0.00   92.38
12:42:19 PM    8    6.25    0.00    0.19    0.00    0.00    0.00    0.00    0.00    0.00   93.57
12:42:19 PM    9    7.41    0.00    0.15    0.00    0.00    0.00    0.00    0.00    0.00   92.44
12:42:19 PM   10    6.71    0.00    0.16    0.00    0.00    0.00    0.00    0.00    0.00   93.13
12:42:19 PM   11    6.71    0.00    0.12    0.00    0.00    0.00    0.00    0.00    0.00   93.16
12:42:19 PM   12    6.50    0.00    0.16    0.00    0.00    0.00    0.00    0.00    0.00   93.34
12:42:19 PM   13    6.51    0.00    0.11    0.00    0.00    0.00    0.00    0.00    0.00   93.37
12:42:19 PM   14    5.95    0.00    0.15    0.00    0.00    0.00    0.00    0.00    0.00   93.90
12:42:19 PM   15    5.96    0.00    0.09    0.00    0.00    0.00    0.00    0.00    0.00   93.94
12:42:19 PM   16    6.01    0.00    0.15    0.00    0.00    0.00    0.00    0.00    0.00   93.84
12:42:19 PM   17    6.51    0.00    0.11    0.00    0.00    0.00    0.00    0.00    0.00   93.38
12:42:19 PM   18    5.83    0.00    0.14    0.00    0.00    0.00    0.00    0.00    0.00   94.03
12:42:19 PM   19    5.57    0.00    0.08    0.00    0.00    0.00    0.00    0.00    0.00   94.34
12:42:19 PM   20    5.97    0.00    0.14    0.00    0.00    0.00    0.00    0.00    0.00   93.89
12:42:19 PM   21    6.04    0.00    0.10    0.00    0.00    0.00    0.00    0.00    0.00   93.85
12:42:19 PM   22    5.81    0.00    0.13    0.00    0.00    0.00    0.00    0.00    0.00   94.05
12:42:19 PM   23    5.86    0.00    0.09    0.00    0.00    0.00    0.00    0.00    0.00   94.05
12:42:19 PM   24    5.79    0.00    0.12    0.00    0.00    0.00    0.00    0.00    0.00   94.09
12:42:19 PM   25    5.84    0.00    0.08    0.00    0.00    0.00    0.00    0.00    0.00   94.08
12:42:19 PM   26    5.75    0.00    0.12    0.00    0.00    0.00    0.00    0.00    0.00   94.13
12:42:19 PM   27    5.94    0.00    0.09    0.00    0.00    0.00    0.00    0.00    0.00   93.96
12:42:19 PM   28    5.91    0.00    0.12    0.00    0.00    0.00    0.00    0.00    0.00   93.97
12:42:19 PM   29    5.69    0.00    0.08    0.00    0.00    0.00    0.00    0.00    0.00   94.22
12:42:19 PM   30    5.92    0.00    0.12    0.00    0.00    0.00    0.00    0.00    0.00   93.96
12:42:19 PM   31    5.52    0.00    0.08    0.00    0.00    0.00    0.00    0.00    0.00   94.40
12:42:19 PM   32    5.92    0.00    0.11    0.00    0.00    0.00    0.00    0.00    0.00   93.97
12:42:19 PM   33    5.98    0.00    0.08    0.00    0.00    0.00    0.00    0.00    0.00   93.93
12:42:19 PM   34    5.85    0.00    0.11    0.00    0.00    0.00    0.00    0.00    0.00   94.03
12:42:19 PM   35    5.62    0.00    0.08    0.00    0.00    0.00    0.00    0.00    0.00   94.30
12:42:19 PM   36    5.66    0.00    0.10    0.00    0.00    0.00    0.00    0.00    0.00   94.24
12:42:19 PM   37    5.99    0.00    0.09    0.00    0.00    0.00    0.00    0.00    0.00   93.92
12:42:19 PM   38    5.62    0.00    0.10    0.00    0.00    0.00    0.00    0.00    0.00   94.27
12:42:19 PM   39    5.65    0.00    0.07    0.00    0.00    0.00    0.00    0.00    0.00   94.28
12:42:19 PM   40    5.81    0.00    0.10    0.00    0.00    0.00    0.00    0.00    0.00   94.08
12:42:19 PM   41    5.65    0.00    0.08    0.00    0.00    0.00    0.00    0.00    0.00   94.27
12:42:19 PM   42    5.71    0.00    0.10    0.00    0.00    0.00    0.00    0.00    0.00   94.18
12:42:19 PM   43    5.36    0.00    0.07    0.00    0.00    0.00    0.00    0.00    0.00   94.57
12:42:19 PM   44    5.80    0.00    0.11    0.00    0.00    0.00    0.00    0.00    0.00   94.09
12:42:19 PM   45    5.70    0.00    0.07    0.00    0.00    0.00    0.00    0.00    0.00   94.23
12:42:19 PM   46    5.68    0.00    0.10    0.00    0.00    0.00    0.00    0.00    0.00   94.21
12:42:19 PM   47    6.11    0.00    0.09    0.00    0.00    0.00    0.00    0.00    0.00   93.80
12:42:19 PM   48    5.69    0.00    0.10    0.00    0.00    0.00    0.00    0.00    0.00   94.21
12:42:19 PM   49    5.62    0.00    0.07    0.00    0.00    0.00    0.00    0.00    0.00   94.31
12:42:19 PM   50    5.71    0.00    0.11    0.00    0.00    0.00    0.00    0.00    0.00   94.18
12:42:19 PM   51    5.58    0.00    0.07    0.00    0.00    0.00    0.00    0.00    0.00   94.35
12:42:19 PM   52    5.83    0.00    0.11    0.00    0.00    0.00    0.00    0.00    0.00   94.06
12:42:19 PM   53    5.66    0.00    0.07    0.00    0.00    0.00    0.00    0.00    0.00   94.26
12:42:19 PM   54    5.64    0.00    0.10    0.00    0.00    0.00    0.00    0.00    0.00   94.26
12:42:19 PM   55    5.50    0.00    0.07    0.00    0.00    0.00    0.00    0.00    0.00   94.43
12:42:19 PM   56    5.66    0.00    0.11    0.00    0.00    0.00    0.00    0.00    0.00   94.23
12:42:19 PM   57    5.39    0.00    0.06    0.00    0.00    0.00    0.00    0.00    0.00   94.54
12:42:19 PM   58    5.54    0.00    0.10    0.00    0.00    0.00    0.00    0.00    0.00   94.36
12:42:19 PM   59    5.88    0.00    0.08    0.00    0.00    0.00    0.00    0.00    0.00   94.04
12:42:19 PM   60    5.56    0.00    0.10    0.00    0.00    0.00    0.00    0.00    0.00   94.34
12:42:19 PM   61    5.33    0.00    0.06    0.00    0.00    0.00    0.00    0.00    0.00   94.61
12:42:19 PM   62    5.60    0.00    0.10    0.00    0.00    0.00    0.00    0.00    0.00   94.30
12:42:19 PM   63    5.35    0.00    0.06    0.00    0.00    0.00    0.00    0.00    0.00   94.59
12:42:19 PM   64    5.60    0.00    0.10    0.00    0.00    0.00    0.00    0.00    0.00   94.30
12:42:19 PM   65    5.28    0.00    0.06    0.00    0.00    0.00    0.00    0.00    0.00   94.66
12:42:19 PM   66    5.86    0.00    0.13    0.00    0.00    0.00    0.00    0.00    0.00   94.00
12:42:19 PM   67    5.80    0.00    0.07    0.00    0.00    0.00    0.00    0.00    0.00   94.12
12:42:19 PM   68    5.53    0.00    0.10    0.00    0.00    0.00    0.00    0.00    0.00   94.37
12:42:19 PM   69    5.32    0.00    0.06    0.00    0.00    0.00    0.00    0.00    0.00   94.62
12:42:19 PM   70    5.70    0.00    0.10    0.00    0.00    0.00    0.00    0.00    0.00   94.20
12:42:19 PM   71    5.62    0.00    0.07    0.00    0.00    0.00    0.00    0.00    0.00   94.31
12:42:19 PM   72    5.52    0.00    0.10    0.00    0.00    0.00    0.00    0.00    0.00   94.38
12:42:19 PM   73    5.50    0.00    0.07    0.00    0.00    0.00    0.00    0.00    0.00   94.43
12:42:19 PM   74    5.63    0.00    0.11    0.00    0.00    0.00    0.00    0.00    0.00   94.26
12:42:19 PM   75    5.53    0.00    0.07    0.00    0.00    0.00    0.00    0.00    0.00   94.41
12:42:19 PM   76    5.86    0.00    0.11    0.00    0.00    0.00    0.00    0.00    0.00   94.03
12:42:19 PM   77    5.40    0.00    0.06    0.00    0.00    0.00    0.00    0.00    0.00   94.54
12:42:19 PM   78    5.72    0.00    0.11    0.00    0.00    0.00    0.00    0.00    0.00   94.17
12:42:19 PM   79    5.43    0.00    0.06    0.00    0.00    0.00    0.00    0.00    0.00   94.50
12:42:19 PM   80    5.55    0.00    0.10    0.00    0.00    0.00    0.00    0.00    0.00   94.35
12:42:19 PM   81    5.59    0.00    0.06    0.00    0.00    0.00    0.00    0.00    0.00   94.34
12:42:19 PM   82    5.60    0.00    0.10    0.00    0.00    0.00    0.00    0.00    0.00   94.30
12:42:19 PM   83    5.46    0.00    0.06    0.00    0.00    0.00    0.00    0.00    0.00   94.48
12:42:19 PM   84    5.77    0.00    0.11    0.00    0.00    0.00    0.00    0.00    0.00   94.12
12:42:19 PM   85    5.47    0.00    0.06    0.00    0.00    0.00    0.00    0.00    0.00   94.47
12:42:19 PM   86    5.69    0.00    0.11    0.00    0.00    0.00    0.00    0.00    0.00   94.21
12:42:19 PM   87    5.51    0.00    0.07    0.00    0.00    0.00    0.00    0.00    0.00   94.42
12:42:19 PM   88    5.58    0.00    0.10    0.00    0.00    0.00    0.00    0.00    0.00   94.32
12:42:19 PM   89    5.56    0.00    0.06    0.00    0.00    0.00    0.00    0.00    0.00   94.38
12:42:19 PM   90    5.84    0.00    0.10    0.00    0.00    0.00    0.00    0.00    0.00   94.06
12:42:19 PM   91    5.45    0.00    0.06    0.00    0.00    0.00    0.00    0.00    0.00   94.49
12:42:19 PM   92    5.64    0.00    0.10    0.00    0.00    0.00    0.00    0.00    0.00   94.26
12:42:19 PM   93    5.46    0.00    0.06    0.00    0.00    0.00    0.00    0.00    0.00   94.48
12:42:19 PM   94    5.74    0.00    0.10    0.00    0.00    0.00    0.00    0.00    0.00   94.16
12:42:19 PM   95    5.33    0.00    0.05    0.00    0.00    0.00    0.00    0.00    0.00   94.61
12:42:19 PM   96    5.58    0.00    0.10    0.00    0.00    0.00    0.00    0.00    0.00   94.32
12:42:19 PM   97    5.40    0.00    0.06    0.00    0.00    0.00    0.00    0.00    0.00   94.54
12:42:19 PM   98    5.78    0.00    0.12    0.00    0.00    0.00    0.00    0.00    0.00   94.10
12:42:19 PM   99    5.43    0.00    0.06    0.00    0.00    0.00    0.00    0.00    0.00   94.52
12:42:19 PM  100    5.86    0.00    0.11    0.00    0.00    0.00    0.00    0.00    0.00   94.02
12:42:19 PM  101    5.29    0.00    0.05    0.00    0.00    0.00    0.00    0.00    0.00   94.66
12:42:19 PM  102    5.54    0.00    0.10    0.00    0.00    0.00    0.00    0.00    0.00   94.35
12:42:19 PM  103    5.64    0.00    0.06    0.00    0.00    0.00    0.00    0.00    0.00   94.30
12:42:19 PM  104    5.81    0.00    0.10    0.00    0.00    0.00    0.00    0.00    0.00   94.09
12:42:19 PM  105    5.36    0.00    0.06    0.00    0.00    0.00    0.00    0.00    0.00   94.59
12:42:19 PM  106    5.63    0.00    0.10    0.00    0.00    0.00    0.00    0.00    0.00   94.27
12:42:19 PM  107    5.33    0.00    0.05    0.00    0.00    0.00    0.00    0.00    0.00   94.62
12:42:19 PM  108    5.89    0.00    0.13    0.00    0.00    0.00    0.00    0.00    0.00   93.98
12:42:19 PM  109    5.33    0.00    0.05    0.00    0.00    0.00    0.00    0.00    0.00   94.61
12:42:19 PM  110    5.69    0.00    0.10    0.00    0.00    0.00    0.00    0.00    0.00   94.20
12:42:19 PM  111    5.51    0.00    0.08    0.00    0.00    0.00    0.00    0.00    0.00   94.42
12:42:19 PM  112    7.71    0.00    0.21    0.00    0.00    0.00    0.00    0.00    0.00   92.08
12:42:19 PM  113   19.05    0.00    0.37    0.00    0.00    0.00    0.00    0.00    0.00   80.58
12:42:19 PM  114    6.28    0.00    0.11    0.00    0.00    0.00    0.00    0.00    0.00   93.61
12:42:19 PM  115    8.75    0.00    0.13    0.00    0.00    0.00    0.00    0.00    0.00   91.12
12:42:19 PM  116    5.95    0.00    0.09    0.00    0.00    0.00    0.00    0.00    0.00   93.96
12:42:19 PM  117    7.26    0.00    0.09    0.00    0.00    0.00    0.00    0.00    0.00   92.64
12:42:19 PM  118    5.62    0.00    0.08    0.00    0.00    0.00    0.00    0.00    0.00   94.30
12:42:19 PM  119    6.80    0.00    0.08    0.00    0.00    0.00    0.00    0.00    0.00   93.12
12:42:19 PM  120    5.52    0.00    0.09    0.00    0.00    0.00    0.00    0.00    0.00   94.39
12:42:19 PM  121    6.67    0.00    0.07    0.00    0.00    0.00    0.00    0.00    0.00   93.25
12:42:19 PM  122    5.58    0.00    0.08    0.00    0.00    0.00    0.00    0.00    0.00   94.34
12:42:19 PM  123    6.12    0.00    0.06    0.00    0.00    0.00    0.00    0.00    0.00   93.82
12:42:19 PM  124    5.44    0.00    0.08    0.00    0.00    0.00    0.00    0.00    0.00   94.48
12:42:19 PM  125    6.28    0.00    0.06    0.00    0.00    0.00    0.00    0.00    0.00   93.66
12:42:19 PM  126    5.42    0.00    0.08    0.00    0.00    0.00    0.00    0.00    0.00   94.50
12:42:19 PM  127    5.91    0.00    0.05    0.00    0.00    0.00    0.00    0.00    0.00   94.04
12:42:19 PM  128    5.37    0.00    0.09    0.00    0.00    0.00    0.00    0.00    0.00   94.54
12:42:19 PM  129    6.21    0.00    0.06    0.00    0.00    0.00    0.00    0.00    0.00   93.73
12:42:19 PM  130    5.38    0.00    0.08    0.00    0.00    0.00    0.00    0.00    0.00   94.54
12:42:19 PM  131    5.79    0.00    0.05    0.00    0.00    0.00    0.00    0.00    0.00   94.16
12:42:19 PM  132    5.38    0.00    0.09    0.00    0.00    0.00    0.00    0.00    0.00   94.53
12:42:19 PM  133    5.97    0.00    0.06    0.00    0.00    0.00    0.00    0.00    0.00   93.98
12:42:19 PM  134    5.33    0.00    0.08    0.00    0.00    0.00    0.00    0.00    0.00   94.58
12:42:19 PM  135    5.92    0.00    0.06    0.00    0.00    0.00    0.00    0.00    0.00   94.02
12:42:19 PM  136    5.32    0.00    0.09    0.00    0.00    0.00    0.00    0.00    0.00   94.59
12:42:19 PM  137    5.99    0.00    0.06    0.00    0.00    0.00    0.00    0.00    0.00   93.95
12:42:19 PM  138    5.32    0.00    0.08    0.00    0.00    0.00    0.00    0.00    0.00   94.60
12:42:19 PM  139    6.04    0.00    0.06    0.00    0.00    0.00    0.00    0.00    0.00   93.90
12:42:19 PM  140    5.37    0.00    0.08    0.00    0.00    0.00    0.00    0.00    0.00   94.54
12:42:19 PM  141    5.89    0.00    0.06    0.00    0.00    0.00    0.00    0.00    0.00   94.05
12:42:19 PM  142    5.43    0.00    0.09    0.00    0.00    0.00    0.00    0.00    0.00   94.48
12:42:19 PM  143    5.75    0.00    0.05    0.00    0.00    0.00    0.00    0.00    0.00   94.20
12:42:19 PM  144    5.30    0.00    0.08    0.00    0.00    0.00    0.00    0.00    0.00   94.62
12:42:19 PM  145    6.12    0.00    0.06    0.00    0.00    0.00    0.00    0.00    0.00   93.82
12:42:19 PM  146    5.32    0.00    0.08    0.00    0.00    0.00    0.00    0.00    0.00   94.60
12:42:19 PM  147    5.80    0.00    0.05    0.00    0.00    0.00    0.00    0.00    0.00   94.15
12:42:19 PM  148    5.34    0.00    0.08    0.00    0.00    0.00    0.00    0.00    0.00   94.57
12:42:19 PM  149    6.02    0.00    0.06    0.00    0.00    0.00    0.00    0.00    0.00   93.92
12:42:19 PM  150    5.28    0.00    0.09    0.00    0.00    0.00    0.00    0.00    0.00   94.63
12:42:19 PM  151    5.89    0.00    0.05    0.00    0.00    0.00    0.00    0.00    0.00   94.06
12:42:19 PM  152    5.37    0.00    0.09    0.00    0.00    0.00    0.00    0.00    0.00   94.54
12:42:19 PM  153    6.00    0.00    0.06    0.00    0.00    0.00    0.00    0.00    0.00   93.94
12:42:19 PM  154    5.31    0.00    0.09    0.00    0.00    0.00    0.00    0.00    0.00   94.60
12:42:19 PM  155    5.72    0.00    0.05    0.00    0.00    0.00    0.00    0.00    0.00   94.22
12:42:19 PM  156    5.34    0.00    0.08    0.00    0.00    0.00    0.00    0.00    0.00   94.58
12:42:19 PM  157    5.84    0.00    0.05    0.00    0.00    0.00    0.00    0.00    0.00   94.10
12:42:19 PM  158    5.27    0.00    0.09    0.00    0.00    0.00    0.00    0.00    0.00   94.65
12:42:19 PM  159    6.26    0.00    0.07    0.00    0.00    0.00    0.00    0.00    0.00   93.66
12:42:19 PM  160    5.29    0.00    0.08    0.00    0.00    0.00    0.00    0.00    0.00   94.62
12:42:19 PM  161    5.87    0.00    0.05    0.00    0.00    0.00    0.00    0.00    0.00   94.07
12:42:19 PM  162    5.33    0.00    0.09    0.00    0.00    0.00    0.00    0.00    0.00   94.58
12:42:19 PM  163    5.87    0.00    0.05    0.00    0.00    0.00    0.00    0.00    0.00   94.07
12:42:19 PM  164    5.47    0.00    0.09    0.00    0.00    0.00    0.00    0.00    0.00   94.44
12:42:19 PM  165    6.03    0.00    0.06    0.00    0.00    0.00    0.00    0.00    0.00   93.90
12:42:19 PM  166    5.36    0.00    0.08    0.00    0.00    0.00    0.00    0.00    0.00   94.55
12:42:19 PM  167    5.80    0.00    0.05    0.00    0.00    0.00    0.00    0.00    0.00   94.14
12:42:19 PM  168    5.35    0.00    0.08    0.00    0.00    0.00    0.00    0.00    0.00   94.56
12:42:19 PM  169    5.80    0.00    0.06    0.00    0.00    0.00    0.00    0.00    0.00   94.14
12:42:19 PM  170    5.34    0.00    0.08    0.00    0.00    0.00    0.00    0.00    0.00   94.58
12:42:19 PM  171    6.11    0.00    0.07    0.00    0.00    0.00    0.00    0.00    0.00   93.83
12:42:19 PM  172    5.35    0.00    0.09    0.00    0.00    0.00    0.00    0.00    0.00   94.56
12:42:19 PM  173    5.73    0.00    0.05    0.00    0.00    0.00    0.00    0.00    0.00   94.21
12:42:19 PM  174    5.37    0.00    0.09    0.00    0.00    0.00    0.00    0.00    0.00   94.54
12:42:19 PM  175    5.80    0.00    0.06    0.00    0.00    0.00    0.00    0.00    0.00   94.14
12:42:19 PM  176    5.24    0.00    0.09    0.00    0.00    0.00    0.00    0.00    0.00   94.67
12:42:19 PM  177    5.76    0.00    0.06    0.00    0.00    0.00    0.00    0.00    0.00   94.18
12:42:19 PM  178    5.41    0.00    0.12    0.00    0.00    0.00    0.00    0.00    0.00   94.46
12:42:19 PM  179    6.02    0.00    0.06    0.00    0.00    0.00    0.00    0.00    0.00   93.92
12:42:19 PM  180    5.39    0.00    0.09    0.00    0.00    0.00    0.00    0.00    0.00   94.52
12:42:19 PM  181    5.76    0.00    0.06    0.00    0.00    0.00    0.00    0.00    0.00   94.19
12:42:19 PM  182    5.35    0.00    0.09    0.00    0.00    0.00    0.00    0.00    0.00   94.55
12:42:19 PM  183    5.89    0.00    0.06    0.00    0.00    0.00    0.00    0.00    0.00   94.05
12:42:19 PM  184    5.34    0.00    0.09    0.00    0.00    0.00    0.00    0.00    0.00   94.56
12:42:19 PM  185    5.88    0.00    0.06    0.00    0.00    0.00    0.00    0.00    0.00   94.06
12:42:19 PM  186    5.38    0.00    0.09    0.00    0.00    0.00    0.00    0.00    0.00   94.52
12:42:19 PM  187    5.84    0.00    0.06    0.00    0.00    0.00    0.00    0.00    0.00   94.10
12:42:19 PM  188    5.56    0.00    0.10    0.00    0.00    0.00    0.00    0.00    0.00   94.35
12:42:19 PM  189    5.77    0.00    0.06    0.00    0.00    0.00    0.00    0.00    0.00   94.17
12:42:19 PM  190    5.49    0.00    0.09    0.00    0.00    0.00    0.00    0.00    0.00   94.41
12:42:19 PM  191    5.74    0.00    0.05    0.00    0.00    0.00    0.00    0.00    0.00   94.21
12:42:19 PM  192    5.40    0.00    0.10    0.00    0.00    0.00    0.00    0.00    0.00   94.49
12:42:19 PM  193    5.91    0.00    0.06    0.00    0.00    0.00    0.00    0.00    0.00   94.03
12:42:19 PM  194    5.37    0.00    0.09    0.00    0.00    0.00    0.00    0.00    0.00   94.54
12:42:19 PM  195    5.87    0.00    0.06    0.00    0.00    0.00    0.00    0.00    0.00   94.07
12:42:19 PM  196    5.52    0.00    0.10    0.00    0.00    0.00    0.00    0.00    0.00   94.38
12:42:19 PM  197    5.80    0.00    0.05    0.00    0.00    0.00    0.00    0.00    0.00   94.14
12:42:19 PM  198    5.51    0.00    0.09    0.00    0.00    0.00    0.00    0.00    0.00   94.39
12:42:19 PM  199    5.83    0.00    0.06    0.00    0.00    0.00    0.00    0.00    0.00   94.10
12:42:19 PM  200    5.32    0.00    0.09    0.00    0.00    0.00    0.00    0.00    0.00   94.59
12:42:19 PM  201    5.86    0.00    0.05    0.00    0.00    0.00    0.00    0.00    0.00   94.09
12:42:19 PM  202    5.45    0.00    0.09    0.00    0.00    0.00    0.00    0.00    0.00   94.46
12:42:19 PM  203    5.81    0.00    0.05    0.00    0.00    0.00    0.00    0.00    0.00   94.13
12:42:19 PM  204    5.32    0.00    0.09    0.00    0.00    0.00    0.00    0.00    0.00   94.59
12:42:19 PM  205    5.81    0.00    0.05    0.00    0.00    0.00    0.00    0.00    0.00   94.13
12:42:19 PM  206    5.50    0.00    0.10    0.00    0.00    0.00    0.00    0.00    0.00   94.40
12:42:19 PM  207    5.73    0.00    0.06    0.00    0.00    0.00    0.00    0.00    0.00   94.21
12:42:19 PM  208    5.37    0.00    0.09    0.00    0.00    0.00    0.00    0.00    0.00   94.54
12:42:19 PM  209    5.75    0.00    0.05    0.00    0.00    0.00    0.00    0.00    0.00   94.19
12:42:19 PM  210    5.47    0.00    0.10    0.00    0.00    0.00    0.00    0.00    0.00   94.43
12:42:19 PM  211    5.77    0.00    0.05    0.00    0.00    0.00    0.00    0.00    0.00   94.18
12:42:19 PM  212    5.44    0.00    0.10    0.00    0.00    0.00    0.00    0.00    0.00   94.46
12:42:19 PM  213    5.74    0.00    0.05    0.00    0.00    0.00    0.00    0.00    0.00   94.21
12:42:19 PM  214    5.38    0.00    0.09    0.00    0.00    0.00    0.00    0.00    0.00   94.53
12:42:19 PM  215    5.93    0.00    0.06    0.00    0.00    0.00    0.00    0.00    0.00   94.02
12:42:19 PM  216    5.49    0.00    0.10    0.00    0.00    0.00    0.00    0.00    0.00   94.41
12:42:19 PM  217    5.77    0.00    0.05    0.00    0.00    0.00    0.00    0.00    0.00   94.18
12:42:19 PM  218    5.31    0.00    0.08    0.00    0.00    0.00    0.00    0.00    0.00   94.60
12:42:19 PM  219    5.74    0.00    0.05    0.00    0.00    0.00    0.00    0.00    0.00   94.21
12:42:19 PM  220    5.53    0.00    0.11    0.00    0.00    0.00    0.00    0.00    0.00   94.36
12:42:19 PM  221    5.72    0.00    0.05    0.00    0.00    0.00    0.00    0.00    0.00   94.22
12:42:19 PM  222    5.46    0.00    0.10    0.00    0.00    0.00    0.00    0.00    0.00   94.45
12:42:19 PM  223    5.90    0.00    0.08    0.00    0.00    0.00    0.00    0.00    0.00   94.01
