              precision    recall  f1-score   support

           0       1.00      1.00      1.00         3
           1       0.56      1.00      0.71         5
           2       0.00      0.00      0.00         0
           3       0.00      0.00      0.00         1
           4       0.00      0.00      0.00         1
           5       0.00      0.00      0.00         2
           6       0.00      0.00      0.00         1
           7       0.67      1.00      0.80         4
           8       0.00      0.00      0.00         1
           9       0.00      0.00      0.00         1
          10       0.67      1.00      0.80         4
          11       0.00      0.00      0.00         1

   micro avg       0.67      0.67      0.67        24
   macro avg       0.24      0.33      0.28        24
weighted avg       0.46      0.67      0.54        24
 samples avg       0.67      0.61      0.62        24
