              precision    recall  f1-score   support

           0       0.62      1.00      0.77         5
           1       0.80      0.80      0.80         5
           2       0.67      1.00      0.80         4
           3       1.00      0.50      0.67         2
           4       0.80      1.00      0.89         4
           5       1.00      1.00      1.00         2
           6       1.00      1.00      1.00         1
           7       0.00      0.00      0.00         2
           8       0.00      0.00      0.00         1
           9       0.00      0.00      0.00         1
          10       1.00      0.50      0.67         2
          11       0.00      0.00      0.00         1

   micro avg       0.76      0.73      0.75        30
   macro avg       0.57      0.57      0.55        30
weighted avg       0.67      0.73      0.68        30
 samples avg       0.76      0.76      0.74        30
